1680184627.0 1 0 0 1680184627.0 85.0 68.0
1680184628.0 1 0 0 1680184628.0 86.4 73.4
1680184629.0 1 0 0 1680184629.0 95.4 69.6
1680184630.0 1 0 0 1680184630.0 72.8 68.8
1680184631.0 1 0 0 1680184631.0 73.0 67.8
1680184632.0 1 0 0 1680184632.0 75.6 69.2
1680184633.0 1 0 0 1680184633.0 71.0 67.6
1680184634.0 1 0 0 1680184634.0 86.9 67.4
1680184635.0 1 0 0 1680184635.0 78.4 65.5
1680184636.0 1 0 0 1680184636.0 89.8 64.9
1680184637.0 1 0 0 1680184637.0 94.9 68.5
1680184638.0 1 0 0 1680184638.0 103.9 66.4
1680184639.0 1 0 0 1680184639.0 83.6 64.8
1680184640.0 1 0 0 1680184640.0 92.3 66.2
1680184641.0 1 0 0 1680184641.0 67.6 72.3
1680184642.0 1 0 0 1680184642.0 95.0 67.4
1680184643.0 1 0 0 1680184643.0 67.0 66.7
1680184644.0 1 0 0 1680184644.0 120.2 68.9
1680184645.0 1 0 0 1680184645.0 73.2 70.0
1680184646.0 1 0 0 1680184646.0 85.4 70.9
1680184647.0 1 0 0 1680184647.0 56.7 65.4
1680184648.0 1 0 0 1680184648.0 64.2 80.6
1680184649.0 1 0 0 1680184649.0 49.0 147.9
1680184650.0 1 0 0 1680184650.0 57.8 139.7
1680184651.0 1 0 0 1680184651.0 51.9 109.9
1680184652.0 1 0 0 1680184652.0 56.0 112.3
1680184653.0 1 0 0 1680184653.0 61.2 120.2
1680184654.0 1 0 0 1680184654.0 55.4 115.5
1680184655.0 1 0 0 1680184655.0 54.5 84.6
1680184656.0 1 0 0 1680184656.0 57.6 124.0
1680184657.0 1 0 0 1680184657.0 57.5 76.0
1680184658.0 1 0 0 1680184658.0 54.2 70.1
1680184659.0 1 0 0 1680184659.0 53.1 68.3
1680184660.0 1 0 0 1680184660.0 72.7 69.0
1680184661.0 1 0 0 1680184661.0 52.1 68.0
1680184662.0 1 0 0 1680184662.0 56.0 66.7
1680184663.0 1 0 0 1680184663.0 58.7 69.9
1680184664.0 1 0 0 1680184664.0 62.3 65.3
1680184665.0 1 0 0 1680184665.0 67.8 83.0
1680184666.0 1 0 0 1680184666.0 47.7 109.1
1680184667.0 1 0 0 1680184667.0 48.7 95.2
1680184668.0 1 0 0 1680184668.0 50.2 99.8
1680184669.0 1 0 0 1680184669.0 57.1 111.3
1680184670.0 1 0 0 1680184670.0 61.5 81.8
1680184671.0 1 0 0 1680184671.0 53.0 137.5
1680184672.0 1 0 0 1680184672.0 56.3 94.1
1680184673.0 1 0 0 1680184673.0 67.8 121.3
1680184674.0 1 0 0 1680184674.0 73.4 104.7
1680184675.0 1 0 0 1680184675.0 52.7 94.6
