 1680177475.0 70.4 65.9
 1680177483.0 90.3 65.3
 1680177491.0 89.9 65.5
 1680177499.0 78.1 65.1
 1680177507.0 90.7 64.4
 1680177515.0 96.2 64.7
 1680177523.0 60.3 66.2
 1680177531.0 78.1 65.2
 1680177539.0 97.0 65.7
 1680177547.0 75.2 66.5
 1680177555.0 98.0 65.7
 1680177563.0 87.9 66.0
 1680177571.0 68.8 66.2
 1680177579.0 58.6 80.9
 1680177587.0 78.7 66.4
 1680177595.0 79.0 66.1
 1680177603.0 80.5 68.5
 1680177611.0 76.6 66.6
 1680177619.0 93.9 67.2
 1680177627.0 82.3 64.4
 1680177635.0 89.1 65.4
 1680177643.0 86.9 65.7
 1680177651.0 83.9 65.6
 1680177659.0 91.7 65.0
 1680177667.0 96.3 66.5
 1680177675.0 88.2 65.8
 1680177683.0 79.9 64.8
 1680177691.0 90.7 66.8
 1680177699.0 81.2 66.0
 1680177707.0 84.1 66.1
 1680177715.0 70.8 66.6
 1680177723.0 60.1 65.7
 1680177731.0 80.8 66.4
 1680177739.0 87.4 65.6
 1680177747.0 98.9 66.0
 1680177755.0 96.9 65.9
 1680177763.0 97.6 65.2
 1680177771.0 68.3 66.3
 1680177779.0 79.8 66.2
 1680177787.0 95.6 66.7
 1680177795.0 72.5 66.1
 1680177803.0 64.5 76.4
 1680177811.0 57.9 97.2
 1680177819.0 62.3 66.2
 1680177827.0 75.3 68.2
 1680177835.0 64.8 66.1
 1680177843.0 84.7 69.2
 1680177851.0 82.9 67.2
 1680177859.0 96.1 68.8
 1680177867.0 71.5 68.2
 1680177875.0 55.7 99.0
 1680177883.0 60.2 94.2
 1680177891.0 60.8 95.0
 1680177899.0 64.4 72.8
 1680177907.0 74.6 79.2
 1680177915.0 86.3 71.8
 1680177923.0 87.0 70.1
 1680177931.0 80.3 71.4
 1680177939.0 96.8 69.4
 1680177947.0 91.3 70.8
 1680177955.0 90.2 70.1
 1680177963.0 88.3 69.0
 1680177971.0 87.5 70.3
 1680177979.0 87.9 70.3
 1680177987.0 72.3 69.5
 1680177995.0 91.1 68.5
 1680178003.0 84.8 69.5
 1680178011.0 89.9 69.2
 1680178019.0 86.4 67.0
 1680178027.0 89.6 70.1
 1680178035.0 72.6 70.1
 1680178043.0 67.3 75.5
 1680178051.0 82.8 67.3
 1680178059.0 90.0 67.6
 1680178067.0 78.5 69.3
 1680178075.0 77.6 68.8
 1680178083.0 91.4 68.0
 1680178091.0 87.2 69.9
 1680178099.0 77.3 68.7
 1680178107.0 95.0 69.4
 1680178115.0 90.1 69.2
 1680178123.0 81.1 69.1
 1680178131.0 71.9 71.9
 1680178139.0 81.7 68.4
 1680178147.0 88.7 68.0
 1680178155.0 84.0 69.3
 1680178163.0 90.1 69.0
 1680178171.0 65.3 85.7
 1680178179.0 58.2 86.1
 1680178187.0 78.7 68.0
 1680178195.0 100.5 69.1
 1680178203.0 79.4 68.5
 1680178211.0 91.6 67.1
 1680178219.0 83.9 68.2
 1680178227.0 84.8 67.4
 1680178235.0 87.4 69.0
 1680178243.0 70.8 69.2
 1680178251.0 86.3 70.2
 1680178259.0 86.0 69.4
 1680178267.0 88.1 69.8
 1680178275.0 80.8 69.5
 1680178283.0 71.2 67.1
 1680178291.0 79.0 67.5
 1680178299.0 62.9 75.7
 1680178307.0 79.4 69.7
 1680178315.0 80.5 68.6
 1680178323.0 80.0 68.3
 1680178331.0 77.1 67.7
 1680178339.0 87.3 66.1
 1680178347.0 71.9 67.1
 1680178355.0 80.5 69.2
 1680178363.0 82.6 67.5
 1680178371.0 78.0 69.2
 1680178379.0 80.5 70.0
 1680178387.0 80.5 68.1
 1680178395.0 99.3 68.0
 1680178403.0 82.5 69.2
 1680178411.0 82.7 70.0
 1680178419.0 99.4 68.1
 1680178427.0 83.5 68.1
 1680178435.0 69.2 67.9
 1680178443.0 90.8 68.9
 1680178451.0 85.6 67.7
 1680178459.0 90.1 67.9
 1680178467.0 89.4 67.5
 1680178475.0 82.4 67.4
 1680178483.0 83.3 68.8
 1680178491.0 76.3 68.4
 1680178499.0 84.8 68.9
 1680178507.0 91.7 69.2
 1680178515.0 87.3 69.3
 1680178523.0 86.9 68.6
 1680178531.0 84.3 68.2
 1680178539.0 71.1 68.8
 1680178547.0 61.9 68.6
 1680178555.0 63.8 81.2
 1680178563.0 91.5 68.8
 1680178571.0 87.2 68.6
 1680178579.0 80.1 67.7
 1680178587.0 90.2 68.9
 1680178595.0 83.3 66.6
 1680178603.0 59.5 82.0
 1680178611.0 54.6 89.1
 1680178619.0 80.6 69.0
 1680178627.0 81.8 67.2
 1680178635.0 82.1 68.3
 1680178643.0 81.4 68.0
 1680178651.0 85.3 68.8
 1680178659.0 94.7 67.7
 1680178667.0 83.2 68.6
 1680178675.0 87.7 67.5
 1680178683.0 91.1 67.7
 1680178691.0 75.1 73.1
 1680178699.0 74.7 67.0
 1680178707.0 85.2 68.5
 1680178715.0 93.7 67.7
 1680178723.0 76.8 68.3
 1680178731.0 79.3 68.2
 1680178739.0 80.7 67.1
 1680178747.0 70.4 68.5
 1680178755.0 69.2 67.8
 1680178763.0 66.9 69.4
 1680178771.0 69.5 67.0
 1680178779.0 58.1 75.5
 1680178787.0 77.3 68.3
 1680178795.0 74.5 67.3
 1680178803.0 65.3 67.6
 1680178811.0 72.1 67.0
 1680178819.0 71.7 70.0
 1680178827.0 74.2 67.9
 1680178835.0 76.3 68.5
 1680178843.0 75.4 68.2
 1680178851.0 71.8 67.7
 1680178859.0 56.4 73.2
 1680178867.0 77.5 69.4
 1680178875.0 88.6 68.1
 1680178883.0 88.5 68.4
 1680178891.0 97.5 67.6
 1680178899.0 83.8 67.6
 1680178907.0 84.0 68.6
 1680178915.0 81.1 67.9
 1680178923.0 71.6 67.7
 1680178931.0 69.7 68.8
 1680178939.0 47.1 73.5
 1680178947.0 64.5 69.4
 1680178955.0 86.9 68.7
 1680178963.0 93.6 69.4
 1680178971.0 76.3 68.8
 1680178979.0 90.0 69.8
 1680178987.0 89.8 67.4
 1680178995.0 90.7 68.3
 1680179003.0 78.5 69.4
 1680179011.0 91.9 67.9
 1680179019.0 86.7 69.3
 1680179027.0 72.6 71.2
 1680179035.0 98.4 67.2
 1680179043.0 85.3 68.6
 1680179051.0 91.7 69.1
 1680179059.0 85.5 68.5
 1680179067.0 83.1 68.8
 1680179075.0 85.2 67.8
 1680179083.0 63.9 69.2
 1680179091.0 70.6 68.5
 1680179099.0 71.2 67.5
 1680179107.0 65.2 68.6
 1680179115.0 70.8 66.9
 1680179123.0 76.6 68.2
 1680179131.0 75.7 67.0
 1680179139.0 69.4 67.7
 1680179147.0 64.7 67.6
 1680179155.0 63.8 67.2
 1680179163.0 73.9 68.2
 1680179171.0 65.0 68.0
 1680179179.0 70.3 66.8
 1680179187.0 73.0 67.2
 1680179195.0 79.7 69.0
 1680179203.0 77.2 67.8
 1680179211.0 75.5 67.5
 1680179219.0 64.9 69.0
 1680179227.0 67.7 67.2
 1680179235.0 70.0 67.9
 1680179243.0 56.2 76.3
 1680179251.0 63.8 68.3
 1680179259.0 73.2 68.9
 1680179267.0 69.2 69.2
 1680179275.0 64.9 68.7
 1680179283.0 61.8 76.8
 1680179291.0 81.7 70.5
 1680179299.0 85.1 67.8
 1680179307.0 87.1 70.2
 1680179315.0 65.4 84.4
 1680179323.0 49.5 88.5
 1680179331.0 63.8 79.0
 1680179339.0 80.0 68.7
 1680179347.0 95.4 69.9
 1680179355.0 93.9 67.9
 1680179363.0 99.0 68.5
 1680179371.0 84.0 68.4
 1680179379.0 78.0 69.4
 1680179387.0 93.8 69.0
 1680179395.0 88.2 69.2
 1680179403.0 89.4 68.4
 1680179411.0 82.0 67.8
 1680179419.0 76.7 68.4
 1680179427.0 68.1 70.1
 1680179435.0 89.7 69.2
 1680179443.0 86.0 68.2
 1680179451.0 80.8 68.8
 1680179459.0 86.0 68.1
 1680179467.0 100.3 68.0
 1680179475.0 81.0 68.9
 1680179483.0 71.0 67.7
 1680179491.0 65.6 72.4
 1680179499.0 88.7 70.6
 1680179507.0 85.8 69.2
 1680179515.0 79.9 67.5
 1680179523.0 94.5 67.9
 1680179531.0 91.0 67.9
 1680179539.0 77.9 67.9
 1680179547.0 86.2 67.6
 1680179555.0 91.4 67.4
 1680179563.0 78.0 66.9
 1680179571.0 78.2 68.6
 1680179579.0 66.2 73.7
 1680179587.0 96.5 68.9
 1680179595.0 89.1 68.8
 1680179603.0 84.8 67.6
 1680179611.0 89.1 68.4
 1680179619.0 99.6 68.9
 1680179627.0 82.0 68.9
 1680179635.0 87.6 69.2
 1680179643.0 75.8 69.1
 1680179651.0 75.3 69.7
 1680179659.0 70.0 69.0
 1680179667.0 72.5 68.1
 1680179675.0 63.4 69.0
 1680179683.0 64.6 68.3
 1680179691.0 55.6 68.0
 1680179699.0 51.4 90.5
 1680179707.0 68.1 68.2
 1680179715.0 74.2 67.0
 1680179723.0 95.4 68.5
 1680179731.0 81.2 69.5
 1680179739.0 85.5 68.5
 1680179747.0 96.7 69.3
 1680179755.0 92.0 68.8
 1680179763.0 91.3 68.2
 1680179771.0 90.8 69.6
 1680179779.0 79.2 68.0
 1680179787.0 81.0 68.6
 1680179795.0 62.4 73.6
 1680179803.0 90.2 70.0
 1680179811.0 91.3 69.5
 1680179819.0 85.8 68.1
 1680179827.0 87.9 67.6
 1680179835.0 83.9 69.4
 1680179843.0 84.8 68.2
 1680179851.0 66.9 72.4
 1680179859.0 92.5 67.7
 1680179867.0 84.9 68.5
 1680179875.0 89.6 68.3
 1680179883.0 84.0 68.5
 1680179891.0 77.6 68.6
 1680179899.0 86.8 68.3
 1680179907.0 73.9 69.2
 1680179915.0 58.8 67.9
 1680179923.0 69.2 67.8
 1680179931.0 68.5 69.7
 1680179939.0 85.0 69.6
 1680179947.0 74.9 67.6
 1680179955.0 72.8 68.7
 1680179963.0 81.4 67.4
 1680179971.0 65.7 68.6
 1680179979.0 66.1 69.7
 1680179987.0 65.1 78.9
 1680179995.0 66.3 77.2
 1680180003.0 72.3 68.9
 1680180011.0 80.6 70.0
 1680180019.0 70.1 69.3
 1680180027.0 78.1 71.6
 1680180035.0 87.1 69.9
 1680180043.0 82.0 69.3
 1680180051.0 70.5 71.2
 1680180059.0 75.1 71.5
 1680180067.0 87.4 71.1
 1680180075.0 73.8 73.2
 1680180083.0 88.4 71.4
 1680180091.0 81.7 71.5
 1680180099.0 78.3 71.2
 1680180107.0 94.4 71.1
 1680180115.0 92.8 70.5
 1680180123.0 85.3 70.3
 1680180131.0 88.3 73.4
 1680180139.0 86.0 72.7
 1680180147.0 64.2 74.1
 1680180155.0 85.7 70.2
 1680180163.0 95.4 71.5
 1680180171.0 93.2 70.0
 1680180179.0 88.7 71.6
 1680180187.0 88.7 71.4
 1680180195.0 74.0 72.0
 1680180203.0 76.4 72.6
 1680180211.0 87.8 71.6
 1680180219.0 97.4 73.1
 1680180227.0 80.6 73.0
 1680180235.0 93.3 71.5
 1680180243.0 74.7 72.2
 1680180251.0 78.9 70.1
 1680180259.0 70.4 71.8
 1680180267.0 66.0 70.8
 1680180275.0 77.6 71.2
 1680180283.0 80.7 71.4
 1680180291.0 62.7 69.5
 1680180299.0 61.3 70.3
 1680180307.0 64.9 70.6
 1680180315.0 52.8 81.0
 1680180323.0 58.2 75.2
 1680180331.0 74.2 70.8
 1680180339.0 99.2 69.2
 1680180347.0 86.6 68.2
 1680180355.0 87.1 69.0
 1680180363.0 99.6 70.5
 1680180371.0 80.5 71.1
 1680180379.0 96.9 69.1
 1680180387.0 79.7 69.1
 1680180395.0 90.9 69.5
 1680180403.0 94.7 69.5
 1680180411.0 74.0 70.6
 1680180419.0 66.3 76.3
 1680180427.0 85.5 71.6
 1680180435.0 78.5 69.7
 1680180443.0 95.9 71.4
 1680180451.0 83.0 70.5
 1680180459.0 91.4 70.1
 1680180467.0 79.9 71.3
 1680180475.0 73.7 71.1
 1680180483.0 81.3 70.6
 1680180491.0 94.1 70.8
 1680180499.0 86.1 69.6
 1680180507.0 81.2 70.0
 1680180515.0 104.8 70.7
 1680180523.0 84.4 71.7
 1680180531.0 67.1 71.3
 1680180539.0 93.3 71.9
 1680180547.0 89.7 71.7
 1680180555.0 91.6 71.4
 1680180563.0 85.8 70.8
 1680180571.0 86.6 71.4
 1680180579.0 77.7 71.4
 1680180587.0 75.6 70.5
 1680180595.0 71.0 72.2
 1680180603.0 71.1 71.7
 1680180611.0 69.2 70.1
 1680180619.0 74.5 71.2
 1680180627.0 77.9 70.1
 1680180635.0 78.0 71.4
 1680180643.0 82.5 70.5
 1680180651.0 75.2 70.3
 1680180659.0 54.8 83.7
 1680180667.0 66.5 80.7
 1680180675.0 76.6 70.6
 1680180683.0 87.3 68.9
 1680180691.0 69.4 70.0
 1680180699.0 73.3 69.1
 1680180707.0 80.8 69.9
 1680180715.0 78.1 68.7
 1680180723.0 92.2 69.6
 1680180731.0 76.0 69.5
 1680180739.0 68.1 69.5
 1680180747.0 84.9 68.9
 1680180755.0 80.8 69.8
 1680180763.0 81.3 70.1
 1680180771.0 90.8 70.8
 1680180779.0 90.0 70.1
 1680180787.0 92.7 68.8
 1680180795.0 71.1 69.7
 1680180803.0 89.1 70.2
 1680180811.0 93.8 69.0
 1680180819.0 93.5 70.0
 1680180827.0 89.0 68.6
 1680180835.0 84.1 69.6
 1680180843.0 80.3 69.3
 1680180851.0 75.7 69.9
 1680180859.0 72.6 69.5
 1680180867.0 57.9 82.5
 1680180875.0 60.9 127.0
 1680180883.0 58.1 107.2
 1680180891.0 59.2 104.8
 1680180899.0 60.8 87.7
 1680180907.0 59.3 92.8
 1680180915.0 62.4 92.5
 1680180923.0 56.4 100.4
 1680180931.0 56.0 108.5
 1680180939.0 66.4 112.1
 1680180947.0 74.1 110.8
 1680180955.0 73.4 94.8
 1680180963.0 73.3 113.3
 1680180971.0 69.8 92.6
 1680180979.0 62.9 86.0
 1680180987.0 56.8 91.0
 1680180995.0 66.7 82.4
 1680181003.0 60.1 87.1
 1680181011.0 71.9 88.9
 1680181019.0 54.9 87.4
 1680181027.0 56.9 83.8
 1680181035.0 54.9 85.1
 1680181043.0 59.1 85.4
 1680181051.0 63.8 84.0
 1680181059.0 53.4 89.1
 1680181067.0 59.2 86.8
 1680181076.0 54.6 85.2
 1680181084.0 58.9 85.9
 1680181092.0 56.9 88.1
 1680181100.0 56.8 86.1
 1680181108.0 64.7 87.0
 1680181116.0 57.0 84.2
 1680181124.0 54.0 86.4
 1680181132.0 55.1 86.5
 1680181140.0 58.7 84.0
 1680181148.0 57.1 81.3
 1680181156.0 57.5 90.4
 1680181164.0 63.3 85.9
 1680181172.0 60.6 82.7
 1680181180.0 71.6 95.8
 1680181188.0 69.4 91.6
 1680181196.0 72.2 79.1
 1680181204.0 63.4 114.6
 1680181212.0 58.7 114.5
 1680181220.0 59.2 106.9
 1680181228.0 62.4 100.4
 1680181236.0 51.2 100.1
 1680181244.0 57.6 84.4
 1680181252.0 65.9 96.1
 1680181260.0 63.2 82.5
 1680181268.0 60.8 105.5
 1680181276.0 48.9 112.4
 1680181284.0 59.0 95.9
 1680181292.0 62.0 84.6
 1680181300.0 55.2 99.7
 1680181308.0 60.1 98.3
 1680181316.0 54.5 102.3
 1680181324.0 56.4 102.2
 1680181332.0 61.4 111.5
 1680181340.0 59.1 97.0
 1680181348.0 66.9 101.1
 1680181356.0 60.0 91.7
 1680181364.0 58.2 79.1
 1680181372.0 57.1 102.8
 1680181380.0 60.6 122.7
 1680181388.0 69.5 107.3
 1680181396.0 73.9 91.8
 1680181404.0 70.9 94.3
 1680181412.0 66.5 90.6
 1680181420.0 70.2 84.5
 1680181428.0 57.3 90.0
 1680181436.0 62.1 98.4
 1680181444.0 57.0 87.5
 1680181452.0 74.0 86.8
 1680181460.0 64.6 85.6
 1680181468.0 59.8 81.2
 1680181476.0 65.0 83.2
 1680181484.0 70.2 83.8
 1680181492.0 59.7 83.8
 1680181500.0 67.1 89.3
 1680181508.0 65.5 94.0
 1680181516.0 68.4 86.9
 1680181524.0 59.3 90.7
 1680181532.0 61.5 88.0
 1680181540.0 60.0 92.4
 1680181548.0 58.9 102.0
 1680181556.0 56.3 120.5
 1680181564.0 58.4 107.3
 1680181572.0 59.1 121.2
 1680181580.0 50.3 105.4
 1680181588.0 57.6 102.8
 1680181596.0 65.2 86.2
 1680181604.0 59.6 92.0
 1680181612.0 57.7 99.7
 1680181620.0 63.4 110.7
 1680181628.0 59.9 98.3
 1680181636.0 64.6 96.3
 1680181644.0 58.9 96.0
 1680181652.0 61.5 72.8
 1680181660.0 55.9 128.0
 1680181668.0 55.7 119.9
 1680181676.0 60.8 114.9
 1680181684.0 62.8 127.7
 1680181692.0 59.4 119.9
 1680181700.0 61.3 125.0
 1680181708.0 56.9 91.5
 1680181716.0 60.2 86.2
 1680181724.0 61.2 99.7
 1680181732.0 61.9 111.2
 1680181740.0 63.1 88.3
 1680181748.0 66.9 69.8
 1680181756.0 62.4 81.3
 1680181764.0 56.0 109.6
 1680181772.0 58.7 101.1
 1680181780.0 54.7 123.1
 1680181788.0 57.1 105.9
 1680181796.0 55.0 122.9
 1680181804.0 64.3 105.3
 1680181812.0 68.9 73.6
 1680181820.0 55.1 121.8
 1680181828.0 57.2 104.2
 1680181836.0 60.4 86.6
 1680181844.0 57.7 103.8
 1680181852.0 56.6 113.6
 1680181860.0 61.4 98.7
 1680181868.0 59.7 95.8
 1680181876.0 68.6 87.0
 1680181884.0 65.0 73.3
 1680181892.0 79.5 92.3
 1680181900.0 79.8 109.4
 1680181908.0 80.4 114.1
 1680181916.0 89.5 101.1
 1680181924.0 84.6 102.3
 1680181932.0 76.6 100.5
 1680181940.0 69.8 101.2
 1680181948.0 77.1 93.7
 1680181956.0 67.0 84.1
 1680181964.0 71.1 90.6
 1680181972.0 71.7 95.4
 1680181980.0 78.8 96.3
 1680181988.0 70.3 97.1
 1680181996.0 78.2 102.4
 1680182004.0 77.3 105.3
 1680182012.0 75.0 92.6
 1680182020.0 73.0 96.2
 1680182028.0 71.6 96.9
 1680182036.0 69.5 95.0
 1680182044.0 71.8 98.6
 1680182052.0 62.9 94.9
 1680182060.0 53.6 90.6
 1680182068.0 63.6 93.6
 1680182076.0 74.0 87.7
 1680182084.0 75.3 91.3
 1680182092.0 75.0 89.5
 1680182100.0 73.2 98.8
 1680182108.0 77.4 108.6
 1680182116.0 69.7 97.8
 1680182124.0 71.3 98.8
 1680182132.0 79.0 103.7
 1680182140.0 74.9 91.4
 1680182148.0 76.7 106.9
 1680182156.0 69.8 99.6
 1680182164.0 69.9 106.4
 1680182172.0 67.7 109.1
 1680182180.0 79.1 105.2
 1680182188.0 71.0 94.8
 1680182196.0 59.2 87.0
 1680182204.0 68.8 96.6
 1680182212.0 74.7 112.5
 1680182220.0 81.5 94.3
 1680182228.0 68.6 109.0
 1680182236.0 77.9 100.2
 1680182244.0 78.2 121.1
 1680182252.0 71.2 85.2
 1680182260.0 70.4 103.1
 1680182268.0 69.3 93.1
 1680182276.0 66.8 92.5
 1680182284.0 63.4 87.9
 1680182292.0 70.9 96.9
 1680182300.0 70.7 88.5
 1680182308.0 66.2 116.8
 1680182316.0 73.2 97.6
 1680182324.0 62.6 93.8
 1680182332.0 65.4 88.9
 1680182340.0 68.0 89.1
 1680182348.0 61.6 80.2
 1680182356.0 61.9 80.0
 1680182364.0 58.4 83.5
 1680182372.0 63.2 81.9
 1680182380.0 63.6 86.4
 1680182388.0 67.2 80.5
 1680182396.0 72.9 79.3
 1680182404.0 71.6 82.0
 1680182412.0 68.6 80.8
 1680182420.0 66.1 85.1
 1680182428.0 63.8 94.9
 1680182436.0 73.1 118.8
 1680182444.0 67.3 114.9
 1680182452.0 59.0 126.1
 1680182460.0 56.8 97.0
 1680182468.0 61.4 98.8
 1680182476.0 63.3 95.1
 1680182484.0 60.7 97.7
 1680182492.0 62.8 107.3
 1680182500.0 68.7 89.4
 1680182508.0 66.0 81.6
 1680182516.0 62.4 97.7
 1680182524.0 62.8 89.1
 1680182532.0 80.4 83.0
 1680182540.0 79.9 112.8
 1680182548.0 72.9 88.4
 1680182556.0 74.7 106.2
 1680182564.0 71.6 95.2
 1680182572.0 67.0 91.3
 1680182580.0 62.1 87.1
 1680182588.0 66.6 83.2
 1680182596.0 65.2 89.7
 1680182604.0 62.6 92.4
 1680182612.0 69.0 74.0
 1680182620.0 69.5 73.9
 1680182628.0 64.3 123.1
 1680182636.0 61.7 121.1
 1680182644.0 66.4 123.2
 1680182652.0 63.6 154.7
 1680182660.0 60.3 111.7
 1680182668.0 58.4 100.1
 1680182676.0 59.0 78.2
 1680182684.0 54.5 109.2
 1680182692.0 59.1 100.8
 1680182700.0 60.9 110.5
 1680182708.0 56.6 94.7
 1680182716.0 64.7 104.3
 1680182724.0 65.0 89.6
 1680182732.0 58.8 126.7
 1680182740.0 59.0 120.4
 1680182748.0 58.5 121.8
 1680182756.0 59.8 101.7
 1680182764.0 66.8 94.0
 1680182772.0 57.7 105.9
 1680182780.0 72.7 104.4
 1680182788.0 61.1 116.9
 1680182796.0 68.1 117.2
 1680182804.0 54.8 118.4
 1680182812.0 71.6 103.7
 1680182820.0 58.2 107.3
 1680182828.0 57.4 84.6
 1680182836.0 59.6 76.3
 1680182844.0 73.0 66.8
 1680182852.0 87.5 70.7
 1680182860.0 85.7 66.1
 1680182868.0 86.7 66.7
 1680182876.0 85.6 66.8
 1680182884.0 90.0 68.6
 1680182892.0 98.3 67.2
 1680182900.0 71.2 68.3
 1680182908.0 91.1 67.4
 1680182916.0 93.5 68.1
 1680182924.0 94.2 65.5
 1680182932.0 83.9 66.8
 1680182940.0 72.8 68.9
 1680182948.0 91.0 65.7
 1680182956.0 92.0 67.8
 1680182964.0 68.0 67.1
 1680182972.0 88.6 68.0
 1680182980.0 82.8 67.0
 1680182988.0 91.1 66.3
 1680182996.0 83.9 69.5
 1680183004.0 92.1 67.6
 1680183012.0 91.3 66.1
 1680183020.0 61.0 68.6
 1680183028.0 75.5 70.7
 1680183036.0 81.9 67.2
 1680183044.0 96.4 67.3
 1680183052.0 95.1 68.1
 1680183060.0 86.2 67.8
 1680183068.0 72.9 66.2
 1680183076.0 79.4 67.9
 1680183084.0 81.3 68.5
 1680183092.0 91.1 68.5
 1680183100.0 95.8 67.9
 1680183108.0 93.4 69.5
 1680183116.0 91.2 68.6
 1680183124.0 69.9 68.2
 1680183132.0 93.0 68.4
 1680183140.0 88.5 68.9
 1680183148.0 69.0 69.3
 1680183156.0 59.4 88.2
 1680183164.0 69.1 71.4
 1680183172.0 91.1 67.9
 1680183180.0 89.7 68.3
 1680183188.0 93.4 67.3
 1680183196.0 76.2 67.8
 1680183204.0 66.0 69.4
 1680183212.0 61.7 102.2
 1680183220.0 61.1 103.2
 1680183228.0 76.4 68.6
 1680183236.0 87.7 68.5
 1680183244.0 97.0 69.6
 1680183252.0 80.2 70.1
 1680183260.0 86.4 69.7
 1680183268.0 85.6 70.1
 1680183276.0 87.9 68.9
 1680183284.0 84.7 69.2
 1680183292.0 93.4 69.6
 1680183300.0 93.2 67.7
 1680183308.0 57.7 77.4
 1680183316.0 58.6 76.5
 1680183324.0 70.6 75.9
 1680183332.0 78.5 71.4
 1680183340.0 99.4 70.3
 1680183348.0 92.9 70.2
 1680183356.0 89.5 71.2
 1680183364.0 84.1 72.2
 1680183372.0 89.8 71.6
 1680183380.0 71.4 70.8
 1680183388.0 86.8 71.2
 1680183396.0 103.5 69.8
 1680183404.0 86.7 70.0
 1680183412.0 83.1 71.6
 1680183420.0 77.9 72.3
 1680183428.0 79.6 70.7
 1680183436.0 69.0 71.5
 1680183444.0 70.3 71.3
 1680183452.0 85.6 71.3
 1680183460.0 83.0 71.0
 1680183468.0 88.4 73.1
 1680183476.0 83.2 71.2
 1680183484.0 85.2 70.5
 1680183492.0 81.6 71.0
 1680183500.0 83.2 70.9
 1680183508.0 87.0 71.8
 1680183516.0 79.7 71.5
 1680183524.0 102.8 71.9
 1680183532.0 80.7 71.4
 1680183540.0 81.2 72.1
 1680183548.0 96.0 71.0
 1680183556.0 87.5 71.4
 1680183564.0 79.2 70.9
 1680183572.0 90.8 72.3
 1680183580.0 84.7 72.4
 1680183588.0 87.5 71.1
 1680183596.0 88.0 72.3
 1680183604.0 77.8 72.6
 1680183612.0 69.4 70.9
 1680183620.0 81.4 71.3
 1680183628.0 81.8 70.5
 1680183636.0 76.7 71.8
 1680183644.0 78.9 71.7
 1680183652.0 82.4 71.8
 1680183660.0 83.9 72.1
 1680183668.0 90.5 70.8
 1680183676.0 80.3 71.1
 1680183684.0 65.2 95.5
 1680183692.0 63.3 72.2
 1680183700.0 74.4 71.7
 1680183708.0 87.3 71.0
 1680183716.0 87.4 69.1
 1680183724.0 94.1 69.9
 1680183732.0 62.2 79.4
 1680183740.0 85.6 70.4
 1680183748.0 93.1 70.2
 1680183756.0 103.4 71.2
 1680183764.0 95.2 68.2
 1680183772.0 85.4 73.8
 1680183780.0 88.2 69.4
 1680183788.0 93.1 68.5
 1680183796.0 104.8 69.3
 1680183804.0 79.2 70.4
 1680183812.0 97.2 67.8
 1680183820.0 74.0 68.3
 1680183828.0 94.0 68.4
 1680183836.0 97.6 69.0
 1680183844.0 99.0 69.7
 1680183852.0 84.3 68.1
 1680183860.0 79.0 70.0
 1680183868.0 98.8 68.6
 1680183876.0 57.4 69.6
 1680183884.0 88.4 69.3
 1680183892.0 68.0 68.2
 1680183900.0 66.8 67.7
 1680183908.0 61.6 80.0
 1680183916.0 95.5 69.4
 1680183924.0 92.7 68.5
 1680183932.0 71.5 69.2
 1680183940.0 87.9 69.7
 1680183948.0 83.5 69.1
 1680183956.0 86.4 69.8
 1680183964.0 98.9 70.9
 1680183972.0 89.8 69.2
 1680183980.0 62.6 73.7
 1680183988.0 89.2 69.4
 1680183996.0 85.8 70.1
 1680184004.0 91.3 68.1
 1680184012.0 94.6 70.1
 1680184020.0 93.7 70.5
 1680184028.0 95.6 67.8
 1680184036.0 80.8 75.1
 1680184044.0 73.5 72.0
 1680184052.0 93.3 68.5
 1680184060.0 92.3 68.8
 1680184068.0 85.3 69.1
 1680184076.0 85.6 68.1
 1680184084.0 83.2 86.6
 1680184092.0 65.0 73.7
 1680184100.0 94.0 69.3
 1680184108.0 86.7 70.4
 1680184116.0 78.8 67.7
 1680184124.0 104.2 68.6
 1680184132.0 82.9 68.7
 1680184140.0 77.8 69.0
 1680184148.0 93.8 68.7
 1680184156.0 81.9 69.5
 1680184164.0 88.3 68.5
 1680184172.0 83.9 69.7
 1680184180.0 72.0 69.7
 1680184188.0 70.4 68.4
 1680184196.0 67.5 65.9
 1680184204.0 73.6 67.7
 1680184212.0 78.3 67.5
 1680184220.0 77.8 68.5
 1680184228.0 79.4 66.9
 1680184236.0 88.6 68.6
 1680184244.0 76.0 68.3
 1680184252.0 72.4 66.2
 1680184260.0 75.2 67.8
 1680184268.0 76.6 68.5
 1680184276.0 68.6 67.2
 1680184284.0 67.1 68.6
 1680184292.0 63.3 79.9
 1680184300.0 72.1 68.4
 1680184308.0 78.6 69.2
 1680184316.0 94.1 69.2
 1680184324.0 81.8 68.2
 1680184332.0 72.0 73.3
 1680184340.0 84.9 68.0
 1680184348.0 93.8 68.8
 1680184356.0 61.0 111.1
 1680184364.0 57.1 90.1
 1680184372.0 73.6 68.6
 1680184380.0 90.1 69.0
 1680184388.0 87.9 69.3
 1680184396.0 87.4 69.8
 1680184404.0 80.4 69.2
 1680184412.0 91.5 69.8
 1680184420.0 84.7 67.5
 1680184428.0 88.6 68.6
 1680184436.0 85.5 69.5
 1680184444.0 94.6 68.7
 1680184452.0 89.9 69.4
 1680184460.0 71.2 72.0
 1680184468.0 90.3 68.1
 1680184476.0 96.5 69.2
 1680184484.0 94.2 67.3
 1680184492.0 82.2 69.4
 1680184500.0 82.5 67.5
 1680184508.0 94.4 68.6
 1680184516.0 78.9 67.6
 1680184524.0 87.1 68.1
 1680184532.0 92.2 68.4
 1680184540.0 87.2 68.4
 1680184548.0 69.9 70.1
 1680184556.0 83.2 69.0
 1680184564.0 88.6 68.0
 1680184572.0 78.4 68.1
 1680184580.0 84.3 76.5
 1680184588.0 90.1 68.6
 1680184596.0 96.4 67.7
 1680184604.0 73.9 70.2
 1680184612.0 85.0 67.7
 1680184620.0 84.9 68.2
 1680184628.0 79.9 68.7
 1680184636.0 86.8 67.2
 1680184644.0 69.8 94.2
 1680184652.0 56.2 96.4
 1680184660.0 58.2 78.3
 1680184668.0 59.0 105.6
 1680184677.0 55.0 90.4
 1680184685.0 81.9 70.3
 1680184693.0 87.5 69.1
 1680184701.0 91.2 68.2
 1680184709.0 62.5 89.8
 1680184717.0 63.6 93.0
 1680184725.0 58.8 88.3
 1680184733.0 56.1 112.9
 1680184741.0 65.9 101.9
 1680184749.0 64.7 95.2
 1680184757.0 52.7 110.1
 1680184765.0 52.6 103.9
 1680184773.0 57.0 104.3
 1680184781.0 58.4 104.5
 1680184789.0 57.5 109.9
 1680184797.0 64.6 96.1
 1680184805.0 62.8 113.0
 1680184813.0 56.7 105.7
 1680184821.0 68.6 120.1
 1680184829.0 69.3 108.3
 1680184837.0 73.1 91.9
 1680184845.0 65.0 89.6
 1680184853.0 58.6 86.5
 1680184861.0 61.1 90.6
 1680184869.0 58.6 87.6
 1680184877.0 59.9 94.6
 1680184885.0 58.9 78.7
 1680184893.0 58.8 87.3
 1680184901.0 59.1 88.5
 1680184909.0 62.5 91.4
 1680184917.0 57.4 90.9
 1680184925.0 56.4 93.7
 1680184933.0 58.5 88.6
 1680184941.0 68.9 94.9
 1680184949.0 66.8 90.1
 1680184957.0 59.2 95.5
 1680184965.0 58.3 84.2
 1680184973.0 60.1 87.6
 1680184981.0 57.1 85.0
 1680184989.0 57.3 90.7
 1680184997.0 56.6 86.8
 1680185005.0 67.5 78.5
 1680185013.0 60.9 82.1
 1680185021.0 61.9 85.0
 1680185029.0 57.0 88.8
 1680185037.0 54.5 89.1
 1680185045.0 57.2 87.6
 1680185053.0 64.1 93.0
 1680185061.0 57.3 88.2
 1680185069.0 58.0 92.7
 1680185077.0 60.0 87.5
 1680185085.0 54.9 85.8
 1680185093.0 58.3 87.8
 1680185101.0 61.2 86.5
 1680185109.0 59.2 85.1
 1680185117.0 59.1 87.5
 1680185125.0 56.7 90.9
 1680185133.0 59.9 87.7
 1680185141.0 58.6 94.9
 1680185149.0 56.8 91.5
 1680185157.0 58.5 91.8
 1680185165.0 55.7 90.3
 1680185173.0 55.9 85.0
 1680185181.0 53.1 87.2
 1680185189.0 50.1 89.0
 1680185197.0 53.9 83.8
 1680185205.0 51.6 79.4
 1680185213.0 66.3 97.8
 1680185221.0 75.1 107.3
 1680185229.0 80.7 99.8
 1680185237.0 78.9 102.5
 1680185245.0 83.5 98.8
 1680185253.0 82.4 98.5
 1680185261.0 73.6 95.6
 1680185269.0 68.2 94.0
 1680185277.0 67.5 91.1
 1680185285.0 54.0 93.2
 1680185293.0 61.2 82.3
 1680185301.0 57.2 83.9
 1680185309.0 75.9 90.0
 1680185317.0 61.4 127.9
 1680185325.0 57.7 101.5
 1680185333.0 68.0 102.9
 1680185341.0 58.0 107.7
 1680185349.0 67.1 97.1
 1680185357.0 58.3 87.8
 1680185365.0 64.4 80.1
 1680185373.0 60.9 88.0
 1680185381.0 58.9 102.7
 1680185389.0 62.8 111.4
 1680185397.0 60.6 104.0
 1680185405.0 61.7 89.8
 1680185413.0 69.7 127.3
 1680185421.0 71.5 95.9
 1680185429.0 61.3 154.7
 1680185437.0 56.8 117.6
 1680185445.0 61.4 127.2
 1680185453.0 73.8 86.5
 1680185461.0 64.5 130.1
 1680185469.0 58.6 110.0
 1680185477.0 62.4 135.4
 1680185485.0 57.5 138.2
 1680185493.0 59.3 141.1
 1680185501.0 55.9 98.6
 1680185509.0 55.7 97.0
 1680185517.0 58.4 112.6
 1680185525.0 66.8 85.7
 1680185533.0 58.5 111.5
 1680185541.0 65.3 101.8
 1680185549.0 59.5 97.1
 1680185557.0 59.2 104.4
 1680185565.0 55.9 106.9
 1680185573.0 56.3 84.4
 1680185581.0 51.5 78.5
 1680185589.0 51.8 76.6
 1680185597.0 47.4 84.8
 1680185605.0 56.2 86.7
 1680185613.0 55.5 83.0
 1680185621.0 62.8 94.7
 1680185629.0 72.7 87.2
 1680185637.0 64.6 89.0
 1680185645.0 54.1 91.0
 1680185653.0 80.8 70.8
 1680185661.0 100.7 68.2
 1680185669.0 77.6 69.0
 1680185677.0 87.7 68.5
 1680185685.0 91.3 68.8
 1680185693.0 97.7 66.9
 1680185701.0 78.1 68.9
 1680185709.0 77.9 67.5
 1680185717.0 92.0 67.6
 1680185725.0 84.1 66.0
 1680185733.0 89.2 67.8
 1680185741.0 63.9 68.0
 1680185749.0 99.4 66.4
 1680185757.0 95.7 68.1
 1680185765.0 87.0 65.7
 1680185773.0 52.6 66.2
 1680185781.0 81.3 67.0
 1680185789.0 64.7 65.9
 1680185797.0 94.7 67.7
 1680185805.0 81.0 66.1
 1680185813.0 54.5 83.4
 1680185821.0 68.9 68.0
 1680185829.0 73.5 67.9
 1680185837.0 68.7 66.8
 1680185845.0 87.4 65.7
 1680185853.0 72.8 66.8
 1680185861.0 85.9 67.7
 1680185869.0 92.0 67.6
 1680185877.0 72.9 67.5
 1680185885.0 61.8 69.8
 1680185893.0 71.9 66.0
 1680185901.0 80.4 66.3
 1680185909.0 98.2 66.4
 1680185917.0 87.6 66.9
 1680185925.0 54.2 70.9
 1680185933.0 73.4 65.7
 1680185941.0 83.3 68.1
 1680185949.0 94.5 67.4
 1680185957.0 64.0 68.7
 1680185965.0 59.2 69.5
 1680185973.0 80.7 91.8
 1680185981.0 74.8 95.8
 1680185989.0 81.7 98.6
 1680185997.0 77.8 97.1
 1680186005.0 82.8 89.8
 1680186013.0 77.7 92.4
 1680186021.0 65.1 84.5
 1680186029.0 71.6 69.4
 1680186037.0 81.7 69.2
 1680186045.0 62.6 69.0
 1680186053.0 80.5 69.1
 1680186061.0 62.0 68.5
 1680186069.0 90.6 70.6
 1680186077.0 85.8 69.4
 1680186085.0 91.5 69.7
 1680186093.0 87.8 69.6
 1680186101.0 75.5 69.1
 1680186109.0 76.1 68.9
 1680186117.0 98.8 67.6
 1680186125.0 87.7 69.0
 1680186133.0 79.6 69.6
 1680186141.0 70.6 69.1
 1680186149.0 79.0 67.8
 1680186157.0 66.1 82.4
 1680186165.0 56.7 94.8
 1680186173.0 60.4 92.9
 1680186181.0 79.0 67.0
 1680186189.0 73.4 66.9
 1680186197.0 76.6 66.7
 1680186205.0 87.0 67.3
 1680186213.0 69.8 67.2
 1680186221.0 88.6 66.8
 1680186229.0 89.0 65.9
 1680186237.0 84.4 67.6
 1680186245.0 82.5 65.8
 1680186253.0 81.0 66.7
 1680186261.0 88.9 66.4
 1680186269.0 90.9 66.4
 1680186277.0 81.4 66.2
 1680186285.0 69.7 74.8
 1680186293.0 89.8 65.7
 1680186301.0 80.2 66.4
 1680186309.0 77.0 67.8
 1680186317.0 78.8 66.6
 1680186325.0 88.7 65.4
 1680186333.0 68.4 67.4
 1680186341.0 79.4 67.5
 1680186349.0 94.4 67.2
 1680186357.0 80.0 67.3
 1680186365.0 84.9 66.7
 1680186373.0 73.1 65.8
 1680186381.0 59.1 67.7
 1680186389.0 81.6 68.0
 1680186397.0 57.1 69.6
 1680186405.0 82.5 67.0
 1680186413.0 75.6 68.7
 1680186421.0 80.9 67.2
 1680186429.0 79.1 68.5
 1680186437.0 95.7 68.6
 1680186445.0 92.9 68.4
 1680186453.0 71.9 68.3
 1680186461.0 67.6 81.8
 1680186469.0 78.9 66.9
 1680186477.0 82.7 65.2
 1680186485.0 92.1 67.6
 1680186493.0 81.7 68.4
 1680186501.0 89.2 67.5
 1680186509.0 85.8 68.2
 1680186517.0 75.5 67.5
 1680186525.0 66.2 70.4
 1680186533.0 62.3 106.1
 1680186541.0 58.7 79.9
 1680186549.0 78.3 66.8
 1680186557.0 79.9 70.3
 1680186565.0 77.8 68.3
 1680186573.0 91.5 69.4
 1680186581.0 83.4 68.5
 1680186589.0 100.7 66.5
 1680186597.0 84.5 68.5
 1680186605.0 100.8 69.0
 1680186613.0 85.0 68.0
 1680186621.0 72.5 69.6
 1680186629.0 72.7 67.9
 1680186637.0 82.4 68.3
 1680186645.0 78.2 68.2
 1680186653.0 53.8 79.2
 1680186661.0 67.1 77.7
 1680186669.0 73.1 70.6
 1680186677.0 63.4 92.4
 1680186685.0 60.9 108.9
 1680186693.0 68.3 105.9
 1680186701.0 59.8 87.5
 1680186709.0 62.5 113.7
 1680186717.0 62.2 99.5
 1680186725.0 58.4 112.4
 1680186733.0 60.2 76.4
 1680186741.0 65.1 92.4
 1680186749.0 64.2 124.8
 1680186757.0 72.1 119.1
 1680186765.0 61.5 134.6
 1680186773.0 55.9 109.2
 1680186781.0 55.0 109.5
 1680186789.0 59.5 108.2
 1680186797.0 50.8 116.5
 1680186805.0 67.8 80.1
 1680186813.0 56.4 88.3
 1680186821.0 55.6 95.8
 1680186829.0 57.0 89.0
 1680186837.0 58.8 85.6
 1680186845.0 53.7 95.9
 1680186853.0 52.4 114.2
 1680186861.0 65.7 121.7
 1680186869.0 69.0 115.3
 1680186877.0 69.4 104.5
 1680186885.0 73.2 107.8
 1680186893.0 63.8 111.2
 1680186901.0 61.2 105.6
 1680186909.0 60.6 98.8
 1680186917.0 62.8 80.7
 1680186925.0 66.8 119.3
 1680186933.0 58.6 139.4
 1680186941.0 67.5 126.2
 1680186949.0 63.2 127.4
 1680186957.0 56.7 86.2
 1680186965.0 57.8 113.5
 1680186973.0 61.6 88.3
 1680186981.0 57.3 104.8
 1680186989.0 54.9 114.0
 1680186997.0 54.5 113.7
 1680187005.0 55.0 116.4
 1680187013.0 63.7 103.1
 1680187021.0 60.8 103.4
 1680187029.0 77.8 107.3
 1680187037.0 64.7 84.2
 1680187045.0 97.7 87.3
 1680187053.0 77.2 98.7
 1680187061.0 65.5 91.3
 1680187069.0 73.3 110.5
 1680187077.0 68.5 91.5
 1680187085.0 73.5 95.5
 1680187093.0 72.8 94.2
 1680187101.0 61.4 81.7
 1680187109.0 64.0 81.0
 1680187117.0 57.3 76.8
 1680187125.0 62.1 71.7
 1680187133.0 80.0 69.0
 1680187141.0 79.5 70.3
 1680187149.0 76.1 70.1
 1680187157.0 64.4 67.9
 1680187165.0 68.9 68.9
 1680187173.0 76.7 67.7
 1680187181.0 62.6 67.5
 1680187189.0 80.7 68.1
 1680187197.0 80.3 66.3
 1680187205.0 66.6 69.4
 1680187213.0 83.7 67.1
 1680187221.0 66.0 103.0
 1680187229.0 51.7 105.1
 1680187237.0 52.4 105.8
 1680187245.0 53.6 115.1
 1680187253.0 62.0 75.8
 1680187261.0 72.6 67.0
 1680187269.0 83.0 66.5
 1680187277.0 104.8 68.8
 1680187285.0 75.0 66.9
 1680187293.0 74.6 67.2
 1680187301.0 85.5 68.0
 1680187309.0 69.7 67.4
 1680187317.0 63.1 66.7
 1680187325.0 86.7 68.2
 1680187333.0 85.7 68.3
 1680187341.0 81.2 67.8
 1680187349.0 63.0 67.7
 1680187357.0 69.0 75.9
 1680187365.0 65.0 75.5
 1680187373.0 67.9 67.2
 1680187381.0 76.9 66.9
 1680187389.0 67.6 66.2
 1680187397.0 73.6 68.3
 1680187405.0 65.6 73.2
 1680187413.0 70.8 68.3
 1680187421.0 80.2 66.9
 1680187429.0 76.1 68.0
 1680187437.0 58.4 79.9
 1680187445.0 72.4 67.0
 1680187453.0 67.1 66.2
 1680187461.0 92.9 66.9
 1680187469.0 89.9 67.1
 1680187477.0 88.2 67.0
 1680187485.0 59.1 68.1
 1680187493.0 59.9 80.7
 1680187501.0 75.5 67.6
 1680187509.0 67.9 67.2
 1680187517.0 79.3 69.6
 1680187525.0 74.7 68.7
 1680187533.0 67.9 67.7
 1680187541.0 63.6 67.8
 1680187549.0 74.4 70.9
 1680187557.0 81.3 71.1
 1680187565.0 74.8 72.4
 1680187573.0 73.1 69.7
 1680187581.0 73.3 67.9
 1680187589.0 65.3 68.8
 1680187597.0 75.0 75.8
 1680187605.0 65.9 70.6
 1680187613.0 88.6 68.8
 1680187621.0 91.1 71.0
 1680187629.0 85.7 68.6
 1680187637.0 75.7 85.1
 1680187645.0 66.3 71.6
 1680187653.0 77.9 69.8
 1680187661.0 68.5 71.5
 1680187669.0 64.4 69.9
 1680187677.0 89.7 69.4
 1680187685.0 81.7 69.3
 1680187693.0 72.8 70.0
 1680187701.0 71.3 71.3
 1680187709.0 68.1 69.4
 1680187717.0 52.1 116.0
 1680187725.0 52.7 111.7
 1680187733.0 58.7 86.3
 1680187741.0 55.3 109.9
 1680187749.0 64.1 95.1
 1680187757.0 59.4 91.8
 1680187765.0 63.2 95.3
 1680187773.0 57.5 136.0
 1680187781.0 66.2 118.5
 1680187789.0 59.1 151.4
 1680187797.0 60.1 112.6
 1680187805.0 65.6 97.2
 1680187813.0 56.6 103.3
 1680187821.0 61.2 109.7
 1680187829.0 59.5 112.8
 1680187837.0 65.8 118.0
 1680187845.0 64.6 125.6
 1680187853.0 62.2 110.5
 1680187861.0 63.6 110.8
 1680187869.0 65.5 94.4
 1680187877.0 67.3 102.0
 1680187885.0 63.5 84.6
 1680187893.0 75.5 77.4
 1680187901.0 71.7 75.5
 1680187909.0 56.6 91.8
 1680187917.0 63.4 84.3
 1680187925.0 59.7 84.3
 1680187933.0 62.2 89.6
 1680187941.0 66.0 90.5
 1680187949.0 61.0 75.1
 1680187957.0 67.2 73.2
 1680187965.0 59.1 74.5
 1680187973.0 60.4 89.2
 1680187981.0 60.1 90.1
 1680187989.0 61.1 75.9
 1680187997.0 59.4 84.3
 1680188005.0 62.0 86.8
 1680188013.0 62.4 79.9
 1680188021.0 57.7 86.7
 1680188029.0 62.0 97.6
 1680188037.0 58.6 88.5
 1680188045.0 62.3 81.5
 1680188053.0 52.8 89.9
 1680188061.0 61.9 84.1
 1680188069.0 54.5 80.8
 1680188077.0 54.7 87.0
 1680188085.0 58.7 92.1
 1680188093.0 57.8 81.0
 1680188101.0 65.7 80.0
 1680188109.0 62.6 80.1
 1680188117.0 56.8 86.5
 1680188125.0 58.7 79.6
 1680188133.0 55.5 88.6
 1680188141.0 59.6 85.9
 1680188149.0 53.4 83.6
 1680188157.0 55.2 86.1
 1680188165.0 55.4 90.5
 1680188173.0 55.0 91.1
 1680188181.0 57.4 93.4
 1680188189.0 66.2 82.4
 1680188197.0 60.1 84.2
 1680188205.0 61.2 84.9
 1680188213.0 68.3 78.1
 1680188221.0 54.5 86.5
 1680188229.0 55.7 83.6
 1680188237.0 59.1 88.4
 1680188245.0 55.7 90.8
 1680188253.0 58.1 84.1
 1680188261.0 60.5 91.1
 1680188269.0 57.2 84.1
