M1680177475.ndf 0.0 51.1 63.2 
M1680177475.ndf 0.0 51.1 63.2 
M1680177475.ndf 0.0 51.1 63.2 
M1680177475.ndf 0.0 51.1 63.2 
M1680177475.ndf 1.0 55.0 67.2 
M1680177475.ndf 2.0 73.8 63.7 
M1680177475.ndf 3.0 75.5 67.7 
M1680177475.ndf 4.0 86.8 63.3 
M1680177475.ndf 5.0 97.0 66.2 
M1680177475.ndf 6.0 53.7 66.1 
M1680177475.ndf 7.0 70.0 69.7 
M1680177475.ndf 8.0 92.9 65.2 
M1680177475.ndf 9.0 98.4 64.7 
M1680177475.ndf 10.0 99.6 64.8 
M1680177475.ndf 11.0 87.8 69.6 
M1680177475.ndf 12.0 60.2 62.7 
M1680177475.ndf 13.0 87.0 66.2 
M1680177475.ndf 14.0 84.1 67.6 
M1680177475.ndf 15.0 112.8 61.3 
M1680177475.ndf 16.0 101.7 66.9 
M1680177475.ndf 17.0 91.3 63.8 
M1680177475.ndf 18.0 91.8 69.7 
M1680177475.ndf 19.0 94.5 64.2 
M1680177475.ndf 20.0 86.6 66.6 
M1680177475.ndf 21.0 98.4 65.3 
M1680177475.ndf 22.0 79.9 65.3 
M1680177475.ndf 23.0 74.9 62.6 
M1680177475.ndf 24.0 45.1 64.1 
M1680177475.ndf 25.0 59.2 66.0 
M1680177475.ndf 26.0 67.8 64.1 
M1680177475.ndf 27.0 89.7 68.1 
M1680177475.ndf 28.0 88.3 61.4 
M1680177475.ndf 29.0 101.5 67.6 
M1680177475.ndf 30.0 103.0 62.9 
M1680177475.ndf 31.0 69.9 66.5 
M1680177475.ndf 32.0 91.8 64.5 
M1680177475.ndf 33.0 102.8 66.3 
M1680177475.ndf 34.0 84.4 65.5 
M1680177475.ndf 35.0 91.3 60.1 
M1680177475.ndf 36.0 75.8 64.9 
M1680177475.ndf 37.0 79.0 67.8 
M1680177475.ndf 38.0 95.2 63.5 
M1680177475.ndf 39.0 105.6 62.5 
M1680177475.ndf 40.0 90.4 67.0 
M1680177475.ndf 41.0 89.3 64.8 
M1680177475.ndf 42.0 107.2 63.8 
M1680177475.ndf 43.0 93.8 65.7 
M1680177475.ndf 44.0 106.9 63.0 
M1680177475.ndf 45.0 95.0 62.0 
M1680177475.ndf 46.0 94.5 65.2 
M1680177475.ndf 47.0 92.7 66.1 
M1680177475.ndf 48.0 81.1 63.1 
M1680177475.ndf 49.0 61.6 68.1 
M1680177475.ndf 50.0 56.1 66.4 
M1680177475.ndf 51.0 47.5 67.7 
M1680177475.ndf 52.0 59.4 63.3 
M1680177475.ndf 53.0 65.2 64.4 
M1680177475.ndf 54.0 61.1 60.4 
M1680177475.ndf 55.0 50.2 76.1 
M1680177475.ndf 56.0 42.1 67.5 
M1680177475.ndf 57.0 84.7 65.7 
M1680177475.ndf 58.0 113.3 66.8 
M1680177475.ndf 59.0 79.8 66.5 
M1680177475.ndf 60.0 102.8 67.6 
M1680177475.ndf 61.0 68.4 65.3 
M1680177475.ndf 62.0 75.0 59.7 
M1680177475.ndf 63.0 58.5 62.6 
M1680177475.ndf 64.0 86.4 68.0 
M1680177475.ndf 65.0 90.9 60.6 
M1680177475.ndf 66.0 105.3 67.4 
M1680177475.ndf 67.0 137.5 69.3 
M1680177475.ndf 68.0 88.9 64.6 
M1680177475.ndf 69.0 89.0 60.3 
M1680177475.ndf 70.0 87.0 71.0 
M1680177475.ndf 71.0 90.8 64.0 
M1680177475.ndf 72.0 76.9 63.4 
M1680177475.ndf 73.0 74.6 68.5 
M1680177475.ndf 74.0 74.6 68.8 
M1680177475.ndf 75.0 116.9 69.9 
M1680177475.ndf 76.0 60.9 64.8 
M1680177475.ndf 77.0 59.1 66.5 
M1680177475.ndf 78.0 68.7 64.2 
M1680177475.ndf 79.0 70.3 65.9 
M1680177475.ndf 80.0 100.7 70.4 
M1680177475.ndf 81.0 106.2 65.9 
M1680177475.ndf 82.0 115.7 65.6 
M1680177475.ndf 83.0 93.6 66.7 
M1680177475.ndf 84.0 96.9 63.7 
M1680177475.ndf 85.0 82.4 66.2 
M1680177475.ndf 86.0 99.1 60.5 
M1680177475.ndf 87.0 89.6 66.7 
M1680177475.ndf 88.0 96.7 62.1 
M1680177475.ndf 89.0 90.3 68.4 
M1680177475.ndf 90.0 92.8 66.1 
M1680177475.ndf 91.0 95.8 66.1 
M1680177475.ndf 92.0 79.2 67.3 
M1680177475.ndf 93.0 93.6 66.2 
M1680177475.ndf 94.0 73.4 64.4 
M1680177475.ndf 95.0 81.1 67.4 
M1680177475.ndf 96.0 87.7 69.4 
M1680177475.ndf 97.0 72.7 60.2 
M1680177475.ndf 98.0 75.1 68.5 
M1680177475.ndf 99.0 90.1 64.3 
M1680177475.ndf 100.0 51.0 68.5 
M1680177475.ndf 101.0 46.5 68.6 
M1680177475.ndf 102.0 64.5 62.6 
M1680177475.ndf 103.0 62.7 67.3 
M1680177475.ndf 104.0 66.5 97.0 
M1680177475.ndf 105.0 53.8 79.5 
M1680177475.ndf 106.0 56.8 75.9 
M1680177475.ndf 107.0 47.7 93.8 
M1680177475.ndf 108.0 51.7 95.0 
M1680177475.ndf 109.0 62.1 73.6 
M1680177475.ndf 110.0 65.1 65.7 
M1680177475.ndf 111.0 65.4 66.8 
M1680177475.ndf 112.0 92.4 63.9 
M1680177475.ndf 113.0 92.3 67.7 
M1680177475.ndf 114.0 67.7 66.8 
M1680177475.ndf 115.0 40.9 62.2 
M1680177475.ndf 116.0 55.5 69.6 
M1680177475.ndf 117.0 93.5 66.6 
M1680177475.ndf 118.0 88.2 66.4 
M1680177475.ndf 119.0 99.3 67.9 
M1680177475.ndf 120.0 97.3 66.7 
M1680177475.ndf 121.0 87.9 62.9 
M1680177475.ndf 122.0 88.3 69.1 
M1680177475.ndf 123.0 84.3 66.6 
M1680177475.ndf 124.0 70.3 66.0 
M1680177475.ndf 125.0 48.6 63.7 
M1680177475.ndf 126.0 88.8 63.5 
M1680177475.ndf 127.0 66.3 70.2 
M1680177475.ndf 128.0 77.5 70.3 
M1680177475.ndf 129.0 85.8 72.6 
M1680177475.ndf 130.0 65.2 62.0 
M1680177475.ndf 131.0 62.5 64.0 
M1680177475.ndf 132.0 60.8 70.5 
M1680177475.ndf 133.0 59.6 75.3 
M1680177475.ndf 134.0 100.7 63.3 
M1680177475.ndf 135.0 131.6 70.4 
M1680177475.ndf 136.0 90.9 66.2 
M1680177475.ndf 137.0 61.9 72.5 
M1680177475.ndf 138.0 55.7 70.6 
M1680177475.ndf 139.0 71.3 66.3 
M1680177475.ndf 140.0 91.6 62.3 
M1680177475.ndf 141.0 83.1 62.2 
M1680177475.ndf 142.0 86.9 66.1 
M1680177475.ndf 143.0 71.5 66.3 
M1680177475.ndf 144.0 83.2 68.0 
M1680177475.ndf 145.0 89.1 66.4 
M1680177475.ndf 146.0 102.3 68.5 
M1680177475.ndf 147.0 101.1 67.2 
M1680177475.ndf 148.0 88.4 67.0 
M1680177475.ndf 149.0 104.1 66.6 
M1680177475.ndf 150.0 94.1 67.6 
M1680177475.ndf 151.0 88.7 66.0 
M1680177475.ndf 152.0 82.0 64.7 
M1680177475.ndf 153.0 104.9 68.5 
M1680177475.ndf 154.0 75.4 62.9 
M1680177475.ndf 155.0 71.8 62.6 
M1680177475.ndf 156.0 79.1 63.3 
M1680177475.ndf 157.0 101.4 66.8 
M1680177475.ndf 158.0 72.5 63.2 
M1680177475.ndf 159.0 71.0 63.5 
M1680177475.ndf 160.0 69.6 60.4 
M1680177475.ndf 161.0 92.8 66.5 
M1680177475.ndf 162.0 102.7 65.0 
M1680177475.ndf 163.0 91.8 67.0 
M1680177475.ndf 164.0 88.5 68.5 
M1680177475.ndf 165.0 95.6 64.8 
M1680177475.ndf 166.0 94.4 65.3 
M1680177475.ndf 167.0 77.4 65.5 
M1680177475.ndf 168.0 112.0 67.0 
M1680177475.ndf 169.0 80.4 65.6 
M1680177475.ndf 170.0 117.6 72.0 
M1680177475.ndf 171.0 77.5 63.5 
M1680177475.ndf 172.0 67.5 66.4 
M1680177475.ndf 173.0 77.2 61.6 
M1680177475.ndf 174.0 78.2 67.5 
M1680177475.ndf 175.0 84.4 62.2 
M1680177475.ndf 176.0 81.4 68.7 
M1680177475.ndf 177.0 129.7 65.2 
M1680177475.ndf 178.0 91.3 65.9 
M1680177475.ndf 179.0 74.2 65.2 
M1680177475.ndf 180.0 83.8 62.4 
M1680177475.ndf 181.0 80.6 65.0 
M1680177475.ndf 182.0 80.9 65.2 
M1680177475.ndf 183.0 49.1 67.4 
M1680177475.ndf 184.0 78.3 64.3 
M1680177475.ndf 185.0 77.2 64.6 
M1680177475.ndf 186.0 80.6 67.1 
M1680177475.ndf 187.0 121.2 66.3 
M1680177475.ndf 188.0 81.5 66.6 
M1680177475.ndf 189.0 87.9 65.9 
M1680177475.ndf 190.0 104.5 63.4 
M1680177475.ndf 191.0 102.7 61.7 
M1680177475.ndf 192.0 90.1 70.7 
M1680177475.ndf 193.0 111.7 67.6 
M1680177475.ndf 194.0 74.6 66.4 
M1680177475.ndf 195.0 87.9 62.8 
M1680177475.ndf 196.0 130.8 65.8 
M1680177475.ndf 197.0 93.0 63.8 
M1680177475.ndf 198.0 89.5 66.5 
M1680177475.ndf 199.0 92.7 68.1 
M1680177475.ndf 200.0 103.8 68.6 
M1680177475.ndf 201.0 89.6 62.2 
M1680177475.ndf 202.0 102.6 66.2 
M1680177475.ndf 203.0 82.4 66.2 
M1680177475.ndf 204.0 82.9 63.0 
M1680177475.ndf 205.0 65.8 67.5 
M1680177475.ndf 206.0 82.1 65.1 
M1680177475.ndf 207.0 96.6 67.8 
M1680177475.ndf 208.0 86.5 65.5 
M1680177475.ndf 209.0 79.7 72.0 
M1680177475.ndf 210.0 70.3 62.7 
M1680177475.ndf 211.0 83.7 63.2 
M1680177475.ndf 212.0 71.8 63.1 
M1680177475.ndf 213.0 88.6 64.1 
M1680177475.ndf 214.0 91.1 63.4 
M1680177475.ndf 215.0 67.1 64.0 
M1680177475.ndf 216.0 108.8 65.1 
M1680177475.ndf 217.0 71.2 68.0 
M1680177475.ndf 218.0 98.3 69.9 
M1680177475.ndf 219.0 108.8 64.4 
M1680177475.ndf 220.0 82.2 66.1 
M1680177475.ndf 221.0 78.9 63.7 
M1680177475.ndf 222.0 103.2 69.5 
M1680177475.ndf 223.0 74.0 67.3 
M1680177475.ndf 224.0 73.6 65.9 
M1680177475.ndf 225.0 78.8 66.1 
M1680177475.ndf 226.0 80.5 67.1 
M1680177475.ndf 227.0 73.9 61.2 
M1680177475.ndf 228.0 87.3 66.5 
M1680177475.ndf 229.0 83.9 67.8 
M1680177475.ndf 230.0 96.1 67.8 
M1680177475.ndf 231.0 75.1 65.4 
M1680177475.ndf 232.0 82.3 64.0 
M1680177475.ndf 233.0 109.6 67.4 
M1680177475.ndf 234.0 94.4 63.9 
M1680177475.ndf 235.0 77.0 69.0 
M1680177475.ndf 236.0 79.8 64.5 
M1680177475.ndf 237.0 85.0 66.9 
M1680177475.ndf 238.0 63.4 65.6 
M1680177475.ndf 239.0 81.0 67.3 
M1680177475.ndf 240.0 95.9 63.8 
M1680177475.ndf 241.0 68.6 64.7 
M1680177475.ndf 242.0 74.9 70.5 
M1680177475.ndf 243.0 60.9 67.2 
M1680177475.ndf 244.0 89.8 66.2 
M1680177475.ndf 245.0 67.2 64.2 
M1680177475.ndf 246.0 46.6 72.0 
M1680177475.ndf 247.0 62.3 64.4 
M1680177475.ndf 248.0 54.4 67.4 
M1680177475.ndf 249.0 64.7 63.7 
M1680177475.ndf 250.0 58.6 66.3 
M1680177475.ndf 251.0 63.9 66.7 
M1680177475.ndf 252.0 50.9 64.8 
M1680177475.ndf 253.0 64.0 64.2 
M1680177475.ndf 254.0 64.9 65.9 
M1680177475.ndf 255.0 59.1 66.2 
M1680177475.ndf 256.0 43.2 64.4 
M1680177475.ndf 257.0 61.2 67.9 
M1680177475.ndf 258.0 62.4 63.4 
M1680177475.ndf 259.0 79.9 67.0 
M1680177475.ndf 260.0 82.2 68.3 
M1680177475.ndf 261.0 97.7 67.4 
M1680177475.ndf 262.0 107.0 65.1 
M1680177475.ndf 263.0 112.8 68.0 
M1680177475.ndf 264.0 81.8 64.9 
M1680177475.ndf 265.0 106.4 67.9 
M1680177475.ndf 266.0 81.6 67.3 
M1680177475.ndf 267.0 88.3 63.1 
M1680177475.ndf 268.0 85.2 64.6 
M1680177475.ndf 269.0 73.0 65.4 
M1680177475.ndf 270.0 81.3 65.9 
M1680177475.ndf 271.0 101.4 66.0 
M1680177475.ndf 272.0 93.7 66.7 
M1680177475.ndf 273.0 96.6 60.6 
M1680177475.ndf 274.0 94.3 66.3 
M1680177475.ndf 275.0 94.1 65.0 
M1680177475.ndf 276.0 94.2 68.9 
M1680177475.ndf 277.0 108.2 65.8 
M1680177475.ndf 278.0 131.1 68.4 
M1680177475.ndf 279.0 79.2 65.9 
M1680177475.ndf 280.0 79.0 62.0 
M1680177475.ndf 281.0 98.1 65.1 
M1680177475.ndf 282.0 99.6 62.8 
M1680177475.ndf 283.0 100.0 67.6 
M1680177475.ndf 284.0 74.0 66.3 
M1680177475.ndf 285.0 80.7 69.5 
M1680177475.ndf 286.0 128.0 64.1 
M1680177475.ndf 287.0 115.7 69.9 
M1680177475.ndf 288.0 99.8 63.2 
M1680177475.ndf 289.0 96.6 65.5 
M1680177475.ndf 290.0 79.0 61.1 
M1680177475.ndf 291.0 125.6 66.6 
M1680177475.ndf 292.0 97.6 67.3 
M1680177475.ndf 293.0 92.2 62.9 
M1680177475.ndf 294.0 87.2 66.7 
M1680177475.ndf 295.0 102.6 68.7 
M1680177475.ndf 296.0 104.2 65.6 
M1680177475.ndf 297.0 43.4 61.7 
M1680177475.ndf 298.0 75.1 70.0 
M1680177475.ndf 299.0 71.5 65.3 
M1680177475.ndf 300.0 66.8 70.4 
M1680177475.ndf 301.0 74.5 65.0 
M1680177475.ndf 302.0 60.7 68.7 
M1680177475.ndf 303.0 49.9 63.8 
M1680177475.ndf 304.0 72.5 68.9 
M1680177475.ndf 305.0 79.1 68.2 
M1680177475.ndf 306.0 102.4 66.6 
M1680177475.ndf 307.0 67.5 68.1 
M1680177475.ndf 308.0 56.4 65.3 
M1680177475.ndf 309.0 89.2 66.2 
M1680177475.ndf 310.0 89.3 64.8 
M1680177475.ndf 311.0 82.0 61.5 
M1680177475.ndf 312.0 107.2 66.4 
M1680177475.ndf 313.0 98.8 66.3 
M1680177475.ndf 314.0 115.5 65.6 
M1680177475.ndf 315.0 83.9 66.4 
M1680177475.ndf 316.0 91.4 66.3 
M1680177475.ndf 317.0 82.8 66.3 
M1680177475.ndf 318.0 88.5 66.8 
M1680177475.ndf 319.0 96.9 69.7 
M1680177475.ndf 320.0 59.0 66.6 
M1680177475.ndf 321.0 59.5 64.5 
M1680177475.ndf 322.0 57.1 71.7 
M1680177475.ndf 323.0 64.7 67.2 
M1680177475.ndf 324.0 68.6 66.7 
M1680177475.ndf 325.0 80.4 66.0 
M1680177475.ndf 326.0 102.2 66.2 
M1680177475.ndf 327.0 88.2 59.7 
M1680177475.ndf 328.0 71.7 64.5 
M1680177475.ndf 329.0 77.3 68.8 
M1680177475.ndf 330.0 72.3 68.2 
M1680177475.ndf 331.0 70.2 68.3 
M1680177475.ndf 332.0 59.7 89.7 
M1680177475.ndf 333.0 61.2 100.6 
M1680177475.ndf 334.0 49.3 74.3 
M1680177475.ndf 335.0 53.9 77.0 
M1680177475.ndf 336.0 63.3 76.6 
M1680177475.ndf 337.0 53.2 81.1 
M1680177475.ndf 338.0 60.6 88.9 
M1680177475.ndf 339.0 53.4 133.1 
M1680177475.ndf 340.0 67.1 125.7 
M1680177475.ndf 341.0 55.8 100.4 
M1680177475.ndf 342.0 55.4 94.5 
M1680177475.ndf 343.0 54.7 77.6 
M1680177475.ndf 344.0 68.1 65.0 
M1680177475.ndf 345.0 65.8 66.5 
M1680177475.ndf 346.0 73.9 69.5 
M1680177475.ndf 347.0 64.6 64.4 
M1680177475.ndf 348.0 51.4 65.6 
M1680177475.ndf 349.0 54.4 66.5 
M1680177475.ndf 350.0 65.6 66.1 
M1680177475.ndf 351.0 54.4 65.9 
M1680177475.ndf 352.0 58.1 68.2 
M1680177475.ndf 353.0 59.6 66.9 
M1680177475.ndf 354.0 60.6 66.9 
M1680177475.ndf 355.0 57.3 66.5 
M1680177475.ndf 356.0 75.5 73.4 
M1680177475.ndf 357.0 89.9 67.8 
M1680177475.ndf 358.0 92.1 67.1 
M1680177475.ndf 359.0 109.4 69.1 
M1680177475.ndf 360.0 80.3 62.9 
M1680177475.ndf 361.0 102.0 67.8 
M1680177475.ndf 362.0 58.5 65.0 
M1680177475.ndf 363.0 51.8 67.4 
M1680177475.ndf 364.0 44.3 66.1 
M1680177475.ndf 365.0 67.2 66.6 
M1680177475.ndf 366.0 59.6 62.9 
M1680177475.ndf 367.0 54.3 69.9 
M1680177475.ndf 368.0 70.3 69.5 
M1680177475.ndf 369.0 60.3 71.0 
M1680177475.ndf 370.0 93.3 66.2 
M1680177475.ndf 371.0 118.8 67.9 
M1680177475.ndf 372.0 96.3 69.8 
M1680177475.ndf 373.0 81.9 63.3 
M1680177475.ndf 374.0 66.0 71.3 
M1680177475.ndf 375.0 90.7 74.9 
M1680177475.ndf 376.0 80.6 63.8 
M1680177475.ndf 377.0 85.7 66.9 
M1680177475.ndf 378.0 88.7 66.3 
M1680177475.ndf 379.0 93.1 68.8 
M1680177475.ndf 380.0 71.2 68.8 
M1680177475.ndf 381.0 57.0 69.4 
M1680177475.ndf 382.0 84.9 67.2 
M1680177475.ndf 383.0 102.1 66.8 
M1680177475.ndf 384.0 107.8 68.4 
M1680177475.ndf 385.0 90.2 67.1 
M1680177475.ndf 386.0 100.5 72.7 
M1680177475.ndf 387.0 75.8 71.9 
M1680177475.ndf 388.0 85.2 65.9 
M1680177475.ndf 389.0 80.8 69.2 
M1680177475.ndf 390.0 132.2 67.1 
M1680177475.ndf 391.0 96.5 67.9 
M1680177475.ndf 392.0 108.4 68.3 
M1680177475.ndf 393.0 106.7 65.8 
M1680177475.ndf 394.0 65.3 75.6 
M1680177475.ndf 395.0 54.3 65.5 
M1680177475.ndf 396.0 57.3 67.2 
M1680177475.ndf 397.0 52.8 68.9 
M1680177475.ndf 398.0 75.1 68.6 
M1680177475.ndf 399.0 52.0 66.1 
M1680177475.ndf 400.0 54.2 81.1 
M1680177475.ndf 401.0 63.0 127.1 
M1680177475.ndf 402.0 53.6 112.3 
M1680177475.ndf 403.0 51.8 98.4 
M1680177475.ndf 404.0 57.2 112.2 
M1680177475.ndf 405.0 59.4 82.5 
M1680177475.ndf 406.0 55.3 77.8 
M1680177475.ndf 407.0 50.9 100.6 
M1680177475.ndf 408.0 59.6 92.5 
M1680177475.ndf 409.0 53.8 68.9 
M1680177475.ndf 410.0 68.9 73.5 
M1680177475.ndf 411.0 65.2 71.6 
M1680177475.ndf 412.0 68.3 134.4 
M1680177475.ndf 413.0 55.8 93.9 
M1680177475.ndf 414.0 51.6 119.4 
M1680177475.ndf 415.0 58.0 99.4 
M1680177475.ndf 416.0 64.8 127.9 
M1680177475.ndf 417.0 55.8 124.8 
M1680177475.ndf 418.0 58.0 85.1 
M1680177475.ndf 419.0 68.7 98.9 
M1680177475.ndf 420.0 57.8 72.2 
M1680177475.ndf 421.0 58.7 73.5 
M1680177475.ndf 422.0 60.6 80.9 
M1680177475.ndf 423.0 61.9 97.0 
M1680177475.ndf 424.0 58.9 67.5 
M1680177475.ndf 425.0 67.4 68.7 
M1680177475.ndf 426.0 52.3 73.4 
M1680177475.ndf 427.0 65.5 70.5 
M1680177475.ndf 428.0 68.7 72.9 
M1680177475.ndf 429.0 80.7 64.4 
M1680177475.ndf 430.0 55.7 67.3 
M1680177475.ndf 431.0 66.3 97.3 
M1680177475.ndf 432.0 50.9 108.3 
M1680177475.ndf 433.0 64.3 100.6 
M1680177475.ndf 434.0 60.7 75.2 
M1680177475.ndf 435.0 85.9 66.3 
M1680177475.ndf 436.0 63.7 73.0 
M1680177475.ndf 437.0 90.4 73.0 
M1680177475.ndf 438.0 85.2 68.6 
M1680177475.ndf 439.0 95.6 69.0 
M1680177475.ndf 440.0 98.2 73.1 
M1680177475.ndf 441.0 116.3 71.1 
M1680177475.ndf 442.0 78.4 73.9 
M1680177475.ndf 443.0 102.1 72.3 
M1680177475.ndf 444.0 78.6 71.0 
M1680177475.ndf 445.0 69.5 70.4 
M1680177475.ndf 446.0 67.0 72.2 
M1680177475.ndf 447.0 80.0 70.8 
M1680177475.ndf 448.0 102.2 68.0 
M1680177475.ndf 449.0 54.5 70.5 
M1680177475.ndf 450.0 106.9 72.7 
M1680177475.ndf 451.0 70.8 69.0 
M1680177475.ndf 452.0 101.1 71.1 
M1680177475.ndf 453.0 95.1 71.7 
M1680177475.ndf 454.0 82.2 67.5 
M1680177475.ndf 455.0 83.2 70.2 
M1680177475.ndf 456.0 73.0 71.4 
M1680177475.ndf 457.0 68.7 75.5 
M1680177475.ndf 458.0 60.5 76.3 
M1680177475.ndf 459.0 113.9 66.8 
M1680177475.ndf 460.0 82.7 74.0 
M1680177475.ndf 461.0 62.3 65.3 
M1680177475.ndf 462.0 98.5 74.8 
M1680177475.ndf 463.0 83.0 67.4 
M1680177475.ndf 464.0 97.5 70.3 
M1680177475.ndf 465.0 99.8 67.1 
M1680177475.ndf 466.0 101.6 66.5 
M1680177475.ndf 467.0 91.2 70.0 
M1680177475.ndf 468.0 123.3 69.5 
M1680177475.ndf 469.0 86.4 71.0 
M1680177475.ndf 470.0 77.3 72.4 
M1680177475.ndf 471.0 97.1 68.5 
M1680177475.ndf 472.0 97.9 68.9 
M1680177475.ndf 473.0 90.2 77.1 
M1680177475.ndf 474.0 84.2 69.1 
M1680177475.ndf 475.0 114.1 70.1 
M1680177475.ndf 476.0 82.0 69.9 
M1680177475.ndf 477.0 101.3 74.2 
M1680177475.ndf 478.0 84.5 67.6 
M1680177475.ndf 479.0 75.9 69.3 
M1680177475.ndf 480.0 57.9 73.1 
M1680177475.ndf 481.0 74.9 70.3 
M1680177475.ndf 482.0 95.6 69.0 
M1680177475.ndf 483.0 98.2 69.8 
M1680177475.ndf 484.0 105.2 69.3 
M1680177475.ndf 485.0 74.9 67.0 
M1680177475.ndf 486.0 102.5 73.1 
M1680177475.ndf 487.0 112.6 68.9 
M1680177475.ndf 488.0 97.4 66.4 
M1680177475.ndf 489.0 79.6 65.1 
M1680177475.ndf 490.0 98.5 69.1 
M1680177475.ndf 491.0 70.7 71.8 
M1680177475.ndf 492.0 89.2 64.4 
M1680177475.ndf 493.0 89.6 76.3 
M1680177475.ndf 494.0 87.8 65.8 
M1680177475.ndf 495.0 94.0 73.3 
M1680177475.ndf 496.0 91.5 69.9 
M1680177475.ndf 497.0 79.9 71.7 
M1680177475.ndf 498.0 99.3 69.8 
M1680177475.ndf 499.0 95.7 73.6 
M1680177475.ndf 500.0 87.0 73.9 
M1680177475.ndf 501.0 92.9 65.4 
M1680177475.ndf 502.0 86.1 66.0 
M1680177475.ndf 503.0 67.3 72.1 
M1680177475.ndf 504.0 76.3 71.3 
M1680177475.ndf 505.0 95.1 66.5 
M1680177475.ndf 506.0 115.8 75.3 
M1680177475.ndf 507.0 90.2 68.6 
M1680177475.ndf 508.0 103.6 70.6 
M1680177475.ndf 509.0 96.0 69.7 
M1680177475.ndf 510.0 69.8 74.9 
M1680177475.ndf 511.0 56.7 65.8 
M1680177475.ndf 512.0 45.4 69.3 
M1680177475.ndf 513.0 50.5 68.7 
M1680177475.ndf 514.0 65.3 70.1 
M1680177475.ndf 515.0 60.8 68.4 
M1680177475.ndf 516.0 72.4 68.2 
M1680177475.ndf 517.0 75.6 68.9 
M1680177475.ndf 518.0 112.7 70.8 
M1680177475.ndf 519.0 95.8 71.6 
M1680177475.ndf 520.0 85.4 70.3 
M1680177475.ndf 521.0 74.5 67.8 
M1680177475.ndf 522.0 91.7 69.0 
M1680177475.ndf 523.0 72.7 71.0 
M1680177475.ndf 524.0 95.3 66.0 
M1680177475.ndf 525.0 104.5 69.3 
M1680177475.ndf 526.0 111.3 63.4 
M1680177475.ndf 527.0 93.5 71.3 
M1680177475.ndf 528.0 84.6 69.5 
M1680177475.ndf 529.0 99.7 70.3 
M1680177475.ndf 530.0 79.0 68.3 
M1680177475.ndf 531.0 76.3 65.4 
M1680177475.ndf 532.0 70.1 70.6 
M1680177475.ndf 533.0 82.4 68.9 
M1680177475.ndf 534.0 101.4 72.5 
M1680177475.ndf 535.0 85.1 70.4 
M1680177475.ndf 536.0 84.9 65.3 
M1680177475.ndf 537.0 70.8 68.2 
M1680177475.ndf 538.0 86.4 69.6 
M1680177475.ndf 539.0 101.0 70.2 
M1680177475.ndf 540.0 70.3 68.8 
M1680177475.ndf 541.0 89.8 68.3 
M1680177475.ndf 542.0 117.8 70.4 
M1680177475.ndf 543.0 97.9 72.7 
M1680177475.ndf 544.0 107.5 66.0 
M1680177475.ndf 545.0 100.8 68.1 
M1680177475.ndf 546.0 86.7 62.3 
M1680177475.ndf 547.0 78.9 74.5 
M1680177475.ndf 548.0 79.7 65.5 
M1680177475.ndf 549.0 71.9 63.8 
M1680177475.ndf 550.0 90.4 65.9 
M1680177475.ndf 551.0 75.3 70.0 
M1680177475.ndf 552.0 92.7 65.3 
M1680177475.ndf 553.0 92.0 73.0 
M1680177475.ndf 554.0 98.5 67.9 
M1680177475.ndf 555.0 72.7 74.6 
M1680177475.ndf 556.0 97.7 69.1 
M1680177475.ndf 557.0 101.4 71.9 
M1680177475.ndf 558.0 94.5 70.3 
M1680177475.ndf 559.0 67.2 68.5 
M1680177475.ndf 560.0 73.1 72.3 
M1680177475.ndf 561.0 80.3 67.9 
M1680177475.ndf 562.0 81.2 73.6 
M1680177475.ndf 563.0 92.9 66.4 
M1680177475.ndf 564.0 86.1 65.9 
M1680177475.ndf 565.0 60.3 74.4 
M1680177475.ndf 566.0 56.9 69.9 
M1680177475.ndf 567.0 50.1 70.8 
M1680177475.ndf 568.0 58.6 74.9 
M1680177475.ndf 569.0 50.4 97.9 
M1680177475.ndf 570.0 55.4 86.1 
M1680177475.ndf 571.0 53.3 72.5 
M1680177475.ndf 572.0 85.1 65.4 
M1680177475.ndf 573.0 77.0 70.1 
M1680177475.ndf 574.0 77.5 69.2 
M1680177475.ndf 575.0 81.5 67.9 
M1680177475.ndf 576.0 71.2 66.4 
M1680177475.ndf 577.0 86.2 69.7 
M1680177475.ndf 578.0 103.4 65.6 
M1680177475.ndf 579.0 66.6 67.6 
M1680177475.ndf 580.0 71.9 68.0 
M1680177475.ndf 581.0 81.2 64.7 
M1680177475.ndf 582.0 94.6 67.2 
M1680177475.ndf 583.0 87.2 69.6 
M1680177475.ndf 584.0 70.3 69.1 
M1680177475.ndf 585.0 92.1 66.4 
M1680177475.ndf 586.0 110.8 70.5 
M1680177475.ndf 587.0 81.9 66.6 
M1680177475.ndf 588.0 100.3 70.3 
M1680177475.ndf 589.0 72.3 65.0 
M1680177475.ndf 590.0 90.3 67.3 
M1680177475.ndf 591.0 102.1 65.7 
M1680177475.ndf 592.0 77.5 66.4 
M1680177475.ndf 593.0 61.3 68.2 
M1680177475.ndf 594.0 68.1 69.5 
M1680177475.ndf 595.0 89.3 67.2 
M1680177475.ndf 596.0 54.3 69.3 
M1680177475.ndf 597.0 105.2 76.0 
M1680177475.ndf 598.0 83.8 70.3 
M1680177475.ndf 599.0 88.5 67.3 
M1680177475.ndf 600.0 84.4 67.1 
M1680177475.ndf 601.0 92.5 71.8 
M1680177475.ndf 602.0 65.0 68.2 
M1680177475.ndf 603.0 61.0 70.8 
M1680177475.ndf 604.0 59.0 67.8 
M1680177475.ndf 605.0 74.3 67.0 
M1680177475.ndf 606.0 105.0 68.2 
M1680177475.ndf 607.0 79.2 69.6 
M1680177475.ndf 608.0 101.6 68.6 
M1680177475.ndf 609.0 105.2 69.6 
M1680177475.ndf 610.0 91.4 65.4 
M1680177475.ndf 611.0 60.6 66.9 
M1680177475.ndf 612.0 101.4 68.3 
M1680177475.ndf 613.0 116.1 67.1 
M1680177475.ndf 614.0 82.9 70.2 
M1680177475.ndf 615.0 72.0 68.0 
M1680177475.ndf 616.0 73.0 70.9 
M1680177475.ndf 617.0 72.9 71.9 
M1680177475.ndf 618.0 95.6 70.2 
M1680177475.ndf 619.0 89.1 65.7 
M1680177475.ndf 620.0 95.6 73.6 
M1680177475.ndf 621.0 122.7 68.8 
M1680177475.ndf 622.0 83.2 66.1 
M1680177475.ndf 623.0 65.4 72.2 
M1680177475.ndf 624.0 53.4 65.7 
M1680177475.ndf 625.0 69.5 70.5 
M1680177475.ndf 626.0 65.1 66.3 
M1680177475.ndf 627.0 73.4 69.8 
M1680177475.ndf 628.0 64.9 70.4 
M1680177475.ndf 629.0 111.3 69.6 
M1680177475.ndf 630.0 82.4 67.4 
M1680177475.ndf 631.0 98.2 69.5 
M1680177475.ndf 632.0 96.8 66.6 
M1680177475.ndf 633.0 114.7 68.1 
M1680177475.ndf 634.0 99.8 70.5 
M1680177475.ndf 635.0 121.2 67.0 
M1680177475.ndf 636.0 82.1 71.2 
M1680177475.ndf 637.0 101.5 70.7 
M1680177475.ndf 638.0 70.4 72.0 
M1680177475.ndf 639.0 73.5 69.4 
M1680177475.ndf 640.0 91.4 71.2 
M1680177475.ndf 641.0 98.4 65.9 
M1680177475.ndf 642.0 87.3 72.3 
M1680177475.ndf 643.0 93.0 68.7 
M1680177475.ndf 644.0 61.2 64.8 
M1680177475.ndf 645.0 104.2 71.5 
M1680177475.ndf 646.0 94.8 66.5 
M1680177475.ndf 647.0 90.4 72.3 
M1680177475.ndf 648.0 85.8 68.6 
M1680177475.ndf 649.0 73.7 71.7 
M1680177475.ndf 650.0 79.8 71.3 
M1680177475.ndf 651.0 94.4 68.8 
M1680177475.ndf 652.0 77.4 67.6 
M1680177475.ndf 653.0 81.4 69.0 
M1680177475.ndf 654.0 88.2 66.8 
M1680177475.ndf 655.0 68.1 69.1 
M1680177475.ndf 656.0 93.9 68.3 
M1680177475.ndf 657.0 76.5 71.4 
M1680177475.ndf 658.0 62.1 69.5 
M1680177475.ndf 659.0 69.3 70.5 
M1680177475.ndf 660.0 52.3 87.3 
M1680177475.ndf 661.0 52.8 70.9 
M1680177475.ndf 662.0 67.4 70.1 
M1680177475.ndf 663.0 101.2 67.5 
M1680177475.ndf 664.0 72.4 68.3 
M1680177475.ndf 665.0 80.1 68.9 
M1680177475.ndf 666.0 64.1 66.1 
M1680177475.ndf 667.0 87.3 70.9 
M1680177475.ndf 668.0 72.8 70.4 
M1680177475.ndf 669.0 99.8 65.0 
M1680177475.ndf 670.0 103.5 71.8 
M1680177475.ndf 671.0 73.4 65.6 
M1680177475.ndf 672.0 80.1 70.9 
M1680177475.ndf 673.0 80.5 64.5 
M1680177475.ndf 674.0 100.4 65.5 
M1680177475.ndf 675.0 115.8 65.9 
M1680177475.ndf 676.0 99.5 70.5 
M1680177475.ndf 677.0 87.8 69.8 
M1680177475.ndf 678.0 73.5 64.0 
M1680177475.ndf 679.0 72.1 72.9 
M1680177475.ndf 680.0 54.5 67.6 
M1680177475.ndf 681.0 84.7 70.6 
M1680177475.ndf 682.0 102.2 67.6 
M1680177475.ndf 683.0 64.5 69.6 
M1680177475.ndf 684.0 104.0 69.1 
M1680177475.ndf 685.0 71.9 68.9 
M1680177475.ndf 686.0 92.9 69.4 
M1680177475.ndf 687.0 97.7 71.6 
M1680177475.ndf 688.0 94.9 68.6 
M1680177475.ndf 689.0 97.5 69.3 
M1680177475.ndf 690.0 105.3 70.0 
M1680177475.ndf 691.0 102.1 69.5 
M1680177475.ndf 692.0 88.0 72.0 
M1680177475.ndf 693.0 75.8 65.2 
M1680177475.ndf 694.0 86.6 68.7 
M1680177475.ndf 695.0 70.9 68.4 
M1680177475.ndf 696.0 83.3 66.5 
M1680177475.ndf 697.0 60.6 68.3 
M1680177475.ndf 698.0 61.9 68.3 
M1680177475.ndf 699.0 61.3 71.4 
M1680177475.ndf 700.0 68.9 69.3 
M1680177475.ndf 701.0 74.0 113.9 
M1680177475.ndf 702.0 64.1 115.5 
M1680177475.ndf 703.0 48.1 112.2 
M1680177475.ndf 704.0 58.4 115.0 
M1680177475.ndf 705.0 48.4 133.0 
M1680177475.ndf 706.0 58.3 88.4 
M1680177475.ndf 707.0 48.8 72.8 
M1680177475.ndf 708.0 54.9 71.1 
M1680177475.ndf 709.0 68.3 70.4 
M1680177475.ndf 710.0 67.0 69.0 
M1680177475.ndf 711.0 61.7 68.8 
M1680177475.ndf 712.0 56.6 67.6 
M1680177475.ndf 713.0 60.9 66.0 
M1680177475.ndf 714.0 83.6 72.5 
M1680177475.ndf 715.0 81.8 68.3 
M1680177475.ndf 716.0 82.9 64.5 
M1680177475.ndf 717.0 114.9 68.5 
M1680177475.ndf 718.0 80.6 69.4 
M1680177475.ndf 719.0 68.6 67.1 
M1680177475.ndf 720.0 108.1 67.3 
M1680177475.ndf 721.0 100.7 67.7 
M1680177475.ndf 722.0 116.3 68.9 
M1680177475.ndf 723.0 81.5 67.3 
M1680177475.ndf 724.0 111.3 71.4 
M1680177475.ndf 725.0 88.2 67.8 
M1680177475.ndf 726.0 81.9 71.6 
M1680177475.ndf 727.0 116.0 70.7 
M1680177475.ndf 728.0 93.2 68.9 
M1680177475.ndf 729.0 85.2 68.3 
M1680177475.ndf 730.0 73.0 66.1 
M1680177475.ndf 731.0 75.0 71.5 
M1680177475.ndf 732.0 64.5 67.1 
M1680177475.ndf 733.0 67.6 64.7 
M1680177475.ndf 734.0 77.1 70.5 
M1680177475.ndf 735.0 99.8 71.0 
M1680177475.ndf 736.0 101.1 64.1 
M1680177475.ndf 737.0 88.9 66.8 
M1680177475.ndf 738.0 105.9 67.2 
M1680177475.ndf 739.0 97.4 66.0 
M1680177475.ndf 740.0 112.4 69.2 
M1680177475.ndf 741.0 66.9 70.3 
M1680177475.ndf 742.0 75.3 67.0 
M1680177475.ndf 743.0 85.1 66.2 
M1680177475.ndf 744.0 85.4 71.7 
M1680177475.ndf 745.0 91.1 63.0 
M1680177475.ndf 746.0 112.4 69.2 
M1680177475.ndf 747.0 74.2 63.9 
M1680177475.ndf 748.0 68.1 72.3 
M1680177475.ndf 749.0 95.3 69.0 
M1680177475.ndf 750.0 74.4 67.9 
M1680177475.ndf 751.0 70.4 68.7 
M1680177475.ndf 752.0 89.0 64.2 
M1680177475.ndf 753.0 78.9 66.6 
M1680177475.ndf 754.0 77.6 65.6 
M1680177475.ndf 755.0 67.7 67.9 
M1680177475.ndf 756.0 100.6 66.8 
M1680177475.ndf 757.0 90.1 73.1 
M1680177475.ndf 758.0 86.4 66.9 
M1680177475.ndf 759.0 88.5 68.0 
M1680177475.ndf 760.0 79.8 69.2 
M1680177475.ndf 761.0 84.0 73.2 
M1680177475.ndf 762.0 100.0 66.9 
M1680177475.ndf 763.0 96.0 71.1 
M1680177475.ndf 764.0 87.5 64.9 
M1680177475.ndf 765.0 80.9 68.0 
M1680177475.ndf 766.0 88.6 72.5 
M1680177475.ndf 767.0 82.5 66.2 
M1680177475.ndf 768.0 73.5 71.4 
M1680177475.ndf 769.0 81.5 67.8 
M1680177475.ndf 770.0 75.4 68.6 
M1680177475.ndf 771.0 76.8 71.8 
M1680177475.ndf 772.0 58.7 67.9 
M1680177475.ndf 773.0 53.7 69.4 
M1680177475.ndf 774.0 78.4 68.9 
M1680177475.ndf 775.0 68.2 67.9 
M1680177475.ndf 776.0 113.0 69.4 
M1680177475.ndf 777.0 90.6 72.7 
M1680177475.ndf 778.0 71.6 67.8 
M1680177475.ndf 779.0 67.2 67.9 
M1680177475.ndf 780.0 98.7 73.5 
M1680177475.ndf 781.0 95.2 68.3 
M1680177475.ndf 782.0 75.5 70.6 
M1680177475.ndf 783.0 78.6 71.0 
M1680177475.ndf 784.0 90.6 69.4 
M1680177475.ndf 785.0 94.5 68.6 
M1680177475.ndf 786.0 73.2 67.8 
M1680177475.ndf 787.0 85.5 67.5 
M1680177475.ndf 788.0 92.4 72.6 
M1680177475.ndf 789.0 79.8 69.2 
M1680177475.ndf 790.0 101.6 66.9 
M1680177475.ndf 791.0 70.7 73.5 
M1680177475.ndf 792.0 92.6 68.4 
M1680177475.ndf 793.0 87.3 68.6 
M1680177475.ndf 794.0 75.4 74.3 
M1680177475.ndf 795.0 88.5 67.2 
M1680177475.ndf 796.0 92.8 66.6 
M1680177475.ndf 797.0 100.5 69.6 
M1680177475.ndf 798.0 82.0 72.7 
M1680177475.ndf 799.0 85.7 71.0 
M1680177475.ndf 800.0 93.3 74.1 
M1680177475.ndf 801.0 79.2 70.0 
M1680177475.ndf 802.0 83.3 68.3 
M1680177475.ndf 803.0 82.9 67.6 
M1680177475.ndf 804.0 102.9 70.2 
M1680177475.ndf 805.0 69.0 67.3 
M1680177475.ndf 806.0 72.9 69.7 
M1680177475.ndf 807.0 62.6 68.9 
