1680181076.0 61.0 96.7
1680181077.0 46.9 77.6
1680181078.0 56.8 83.9
1680181079.0 59.0 87.6
1680181080.0 48.1 81.3
1680181081.0 51.9 86.7
1680181082.0 59.2 86.2
1680181083.0 54.1 81.8
1680181084.0 60.9 81.8
1680181085.0 62.0 84.5
1680181086.0 54.7 86.2
1680181087.0 49.0 81.0
1680181088.0 61.8 81.9
1680181089.0 62.8 91.3
1680181090.0 61.3 89.1
1680181091.0 59.0 91.2
1680181092.0 54.6 84.7
1680181093.0 49.5 85.7
1680181094.0 59.6 95.8
1680181095.0 54.0 93.7
1680181096.0 57.1 91.7
1680181097.0 60.4 79.4
1680181098.0 62.8 85.9
1680181099.0 56.8 87.9
1680181100.0 53.8 91.3
1680181101.0 57.6 90.9
1680181102.0 53.2 81.4
1680181103.0 55.4 90.4
1680181104.0 50.5 77.0
1680181105.0 67.4 83.7
1680181106.0 66.1 89.1
1680181107.0 50.1 85.2
1680181108.0 70.4 82.3
1680181109.0 60.3 89.0
1680181110.0 54.9 92.9
1680181111.0 68.8 88.7
1680181112.0 103.7 83.2
1680181113.0 52.1 78.5
1680181114.0 50.1 91.0
1680181115.0 57.3 90.4
1680181116.0 59.0 85.1
1680181117.0 58.2 74.2
1680181118.0 57.8 84.4
1680181119.0 54.9 83.7
1680181120.0 50.5 84.6
1680181121.0 73.3 79.8
1680181122.0 49.7 90.3
1680181123.0 52.9 91.4
1680181124.0 56.9 93.1
1680181125.0 57.6 97.2
1680181126.0 59.8 87.1
1680181127.0 51.1 86.4
1680181128.0 50.5 85.6
1680181129.0 48.8 75.7
1680181130.0 59.0 80.1
1680181131.0 48.1 85.8
1680181132.0 50.3 83.6
1680181133.0 60.2 78.3
1680181134.0 58.9 94.2
1680181135.0 60.1 82.1
1680181136.0 50.1 81.1
1680181137.0 59.7 97.5
1680181138.0 50.1 85.6
1680181139.0 51.4 89.7
1680181140.0 63.9 94.3
1680181141.0 62.2 95.7
1680181142.0 56.1 69.3
1680181143.0 65.5 73.3
1680181144.0 54.0 79.3
1680181145.0 55.5 84.7
1680181146.0 50.9 89.3
1680181147.0 61.2 85.8
1680181148.0 55.2 75.8
1680181149.0 57.5 76.3
1680181150.0 59.7 83.3
1680181151.0 56.6 86.3
1680181152.0 53.4 78.4
1680181153.0 61.6 79.2
1680181154.0 56.0 86.2
1680181155.0 57.2 85.0
1680181156.0 66.7 90.3
1680181157.0 52.1 105.7
1680181158.0 54.7 113.2
1680181159.0 60.8 83.9
1680181160.0 53.9 81.7
1680181161.0 57.8 82.4
1680181162.0 61.0 78.2
1680181163.0 53.2 87.5
1680181164.0 96.8 81.1
1680181165.0 68.2 91.9
1680181166.0 52.6 87.8
1680181167.0 52.8 79.3
1680181168.0 56.9 77.8
1680181169.0 54.3 84.8
1680181170.0 61.8 102.5
1680181171.0 63.0 81.7
1680181172.0 54.1 87.5
1680181173.0 53.6 86.1
1680181174.0 62.0 84.2
1680181175.0 59.8 81.2
1680181176.0 63.5 81.0
1680181177.0 51.7 81.7
1680181178.0 63.9 83.1
1680181179.0 76.4 76.9
1680181180.0 86.0 83.8
1680181181.0 70.9 104.0
1680181182.0 67.0 93.4
1680181183.0 53.8 86.7
1680181184.0 66.7 125.6
1680181185.0 70.0 79.7
1680181186.0 76.8 86.9
1680181187.0 81.9 106.3
1680181188.0 66.6 116.7
1680181189.0 70.2 136.1
1680181190.0 63.5 105.1
1680181191.0 79.8 82.9
1680181192.0 58.3 70.9
1680181193.0 86.9 72.9
1680181194.0 65.7 77.8
1680181195.0 64.2 70.6
1680181196.0 99.1 78.6
1680181197.0 85.2 77.8
1680181198.0 79.6 76.2
1680181199.0 52.4 80.9
1680181200.0 63.9 80.0
1680181201.0 65.7 73.7
1680181202.0 69.8 78.5
1680181203.0 62.2 87.1
1680181204.0 65.4 102.1
1680181205.0 55.7 135.7
1680181206.0 57.5 117.6
1680181207.0 70.4 134.9
1680181208.0 61.5 117.3
1680181209.0 69.9 103.5
1680181210.0 67.9 106.1
1680181211.0 59.3 99.5
1680181212.0 54.6 89.4
1680181213.0 68.3 150.9
1680181214.0 66.1 79.2
1680181215.0 51.7 133.6
1680181216.0 57.3 135.9
1680181217.0 65.2 125.0
1680181218.0 46.8 108.3
1680181219.0 59.9 93.8
1680181220.0 49.0 81.0
1680181221.0 55.2 88.0
1680181222.0 62.1 98.1
1680181223.0 55.2 159.9
1680181224.0 58.2 119.4
1680181225.0 60.8 126.6
1680181226.0 56.6 100.2
1680181227.0 76.6 81.7
1680181228.0 68.2 102.6
1680181229.0 60.3 73.6
1680181230.0 57.5 112.5
1680181231.0 53.1 120.9
1680181232.0 58.9 102.3
1680181233.0 70.7 95.3
1680181234.0 64.5 99.8
1680181235.0 66.1 95.9
1680181236.0 42.3 112.0
1680181237.0 46.1 100.4
1680181238.0 51.1 99.6
1680181239.0 61.6 101.3
1680181240.0 44.9 95.8
1680181241.0 48.4 86.7
1680181242.0 48.7 103.0
1680181243.0 66.5 102.3
1680181244.0 48.4 110.3
1680181245.0 61.3 127.1
1680181246.0 46.1 80.3
1680181247.0 62.4 70.3
1680181248.0 87.1 70.6
1680181249.0 59.2 69.6
1680181250.0 52.3 76.7
1680181251.0 43.7 70.3
1680181252.0 69.8 68.3
1680181253.0 69.6 73.5
1680181254.0 56.0 84.4
1680181255.0 73.4 127.9
1680181256.0 58.9 85.8
1680181257.0 60.9 79.7
1680181258.0 62.4 138.7
1680181259.0 76.2 110.6
1680181260.0 53.8 84.8
1680181261.0 74.7 74.7
1680181262.0 84.5 80.0
1680181263.0 70.4 81.2
1680181264.0 52.6 90.8
1680181265.0 59.4 91.7
1680181266.0 53.4 83.1
1680181267.0 56.8 74.0
1680181268.0 61.0 77.1
1680181269.0 59.3 78.7
1680181270.0 66.5 73.2
1680181271.0 54.7 85.3
1680181272.0 79.0 118.9
1680181273.0 58.1 134.6
1680181274.0 53.2 174.3
1680181275.0 54.2 101.5
1680181276.0 54.9 107.0
1680181277.0 50.3 160.5
1680181278.0 45.4 146.0
1680181279.0 46.7 102.9
1680181280.0 55.4 116.0
1680181281.0 41.8 91.1
1680181282.0 48.1 95.1
1680181283.0 48.7 80.9
1680181284.0 48.3 72.2
1680181285.0 54.6 105.2
1680181286.0 45.9 125.7
1680181287.0 66.5 111.1
1680181288.0 87.7 95.5
1680181289.0 55.2 82.3
1680181290.0 60.3 72.1
1680181291.0 53.7 103.1
1680181292.0 48.5 104.4
1680181293.0 63.2 74.2
1680181294.0 98.9 75.3
1680181295.0 54.5 74.1
1680181296.0 69.6 77.6
1680181297.0 53.8 75.5
1680181298.0 54.8 68.5
1680181299.0 52.6 127.3
1680181300.0 51.3 105.4
1680181301.0 56.0 76.2
1680181302.0 60.8 114.5
1680181303.0 57.6 125.3
1680181304.0 53.6 78.3
1680181305.0 54.7 92.9
1680181306.0 60.2 126.8
1680181307.0 47.1 78.0
1680181308.0 66.7 72.3
1680181309.0 63.0 80.2
1680181310.0 49.3 78.8
1680181311.0 54.9 96.3
1680181312.0 52.5 109.6
1680181313.0 64.0 109.2
1680181314.0 64.4 117.2
1680181315.0 65.9 122.5
1680181316.0 48.9 83.4
1680181317.0 54.8 86.6
1680181318.0 52.3 129.2
1680181319.0 56.3 117.6
1680181320.0 53.3 85.3
1680181321.0 57.2 105.5
1680181322.0 57.8 95.5
1680181323.0 55.2 115.4
1680181324.0 54.5 69.8
1680181325.0 59.9 84.6
1680181326.0 68.1 88.3
1680181327.0 53.0 136.7
1680181328.0 51.9 126.8
1680181329.0 55.0 113.8
1680181330.0 48.0 101.9
1680181331.0 60.5 95.8
1680181332.0 47.4 135.6
1680181333.0 66.5 108.5
1680181334.0 74.8 145.3
1680181335.0 70.2 102.3
1680181336.0 57.3 113.6
1680181337.0 58.1 105.3
1680181338.0 58.8 108.7
1680181339.0 57.9 72.6
1680181340.0 55.3 115.1
1680181341.0 55.7 111.7
1680181342.0 61.6 72.1
1680181343.0 59.9 92.8
1680181344.0 61.1 85.0
1680181345.0 63.8 123.7
1680181346.0 53.2 94.8
1680181347.0 62.2 80.8
1680181348.0 57.4 76.3
1680181349.0 54.7 98.3
1680181350.0 59.6 114.6
1680181351.0 68.9 109.8
1680181352.0 85.8 105.1
1680181353.0 62.8 107.5
1680181354.0 94.9 96.5
1680181355.0 50.8 100.4
1680181356.0 57.4 81.0
1680181357.0 82.6 75.8
1680181358.0 49.8 75.4
1680181359.0 57.5 87.4
1680181360.0 65.4 91.2
1680181361.0 49.7 109.2
1680181362.0 51.8 101.0
1680181363.0 65.8 112.7
1680181364.0 57.5 97.5
1680181365.0 54.8 85.0
1680181366.0 55.8 83.8
1680181367.0 46.7 86.3
1680181368.0 60.8 71.8
1680181369.0 63.9 66.5
1680181370.0 70.6 71.9
1680181371.0 55.5 69.9
1680181372.0 61.1 68.8
1680181373.0 53.3 90.5
1680181374.0 53.7 120.2
1680181375.0 55.9 107.6
1680181376.0 63.2 110.0
1680181377.0 55.2 119.7
1680181378.0 57.0 108.5
1680181379.0 57.4 96.7
1680181380.0 57.0 120.3
1680181381.0 63.9 87.7
1680181382.0 57.9 102.7
1680181383.0 54.4 78.3
1680181384.0 58.6 195.8
1680181385.0 71.0 164.6
1680181386.0 64.2 117.4
1680181387.0 58.2 115.0
1680181388.0 54.7 118.0
1680181389.0 71.1 121.6
1680181390.0 88.3 115.9
1680181391.0 54.8 129.0
1680181392.0 50.1 94.4
1680181393.0 59.1 97.0
1680181394.0 96.6 85.2
1680181395.0 81.3 97.0
1680181396.0 99.0 90.5
1680181397.0 106.6 87.6
1680181398.0 76.8 91.1
1680181399.0 59.3 91.9
1680181400.0 66.7 91.7
1680181401.0 70.7 86.6
1680181402.0 63.9 97.0
1680181403.0 47.9 97.7
1680181404.0 57.5 105.1
1680181405.0 68.0 91.2
1680181406.0 78.1 89.7
1680181407.0 72.5 92.3
1680181408.0 75.0 95.8
1680181409.0 56.6 90.8
1680181410.0 91.5 96.7
1680181411.0 68.2 92.5
1680181412.0 67.5 100.3
1680181413.0 81.6 85.2
1680181414.0 74.5 90.3
1680181415.0 70.7 90.3
1680181416.0 51.8 88.8
1680181417.0 72.2 86.3
1680181418.0 63.1 93.3
1680181419.0 50.7 90.1
1680181420.0 48.4 96.5
1680181421.0 77.3 82.3
1680181422.0 67.4 82.8
1680181423.0 101.0 90.5
1680181424.0 90.3 93.5
1680181425.0 56.6 89.6
1680181426.0 48.9 72.1
1680181427.0 71.8 68.3
1680181428.0 58.0 67.1
1680181429.0 48.0 79.0
1680181430.0 44.6 107.8
1680181431.0 66.1 98.2
1680181432.0 59.9 92.8
1680181433.0 52.4 99.5
1680181434.0 71.0 91.4
1680181435.0 58.7 84.2
1680181436.0 80.7 85.8
1680181437.0 80.4 85.9
1680181438.0 52.9 86.5
1680181439.0 59.6 93.5
1680181440.0 61.2 88.8
1680181441.0 64.6 101.8
1680181442.0 42.9 110.9
1680181443.0 54.2 133.8
1680181444.0 54.2 93.1
1680181445.0 64.9 90.8
1680181446.0 56.2 90.6
1680181447.0 49.7 94.7
1680181448.0 46.1 91.4
1680181449.0 50.0 82.7
1680181450.0 71.4 79.2
1680181451.0 63.3 77.7
1680181452.0 62.7 87.1
1680181453.0 86.5 93.5
1680181454.0 88.2 79.8
1680181455.0 75.7 84.6
1680181456.0 71.8 90.8
1680181457.0 63.8 86.9
1680181458.0 80.3 80.3
1680181459.0 62.8 91.7
1680181460.0 64.8 78.5
1680181461.0 89.7 87.1
1680181462.0 74.9 86.6
1680181463.0 50.8 87.8
1680181464.0 54.4 81.9
1680181465.0 63.8 76.3
1680181466.0 59.0 89.8
1680181467.0 59.5 96.6
1680181468.0 64.1 85.7
1680181469.0 60.6 88.2
1680181470.0 65.5 82.6
1680181471.0 63.9 69.9
1680181472.0 59.4 74.1
1680181473.0 52.7 83.1
1680181474.0 59.0 85.1
1680181475.0 53.5 81.3
1680181476.0 49.3 89.7
1680181477.0 97.0 92.1
1680181478.0 63.7 74.1
1680181479.0 58.5 72.5
1680181480.0 65.2 82.7
1680181481.0 69.2 94.6
1680181482.0 61.6 77.5
1680181483.0 55.3 82.1
1680181484.0 101.2 78.0
1680181485.0 59.1 81.9
1680181486.0 83.7 82.7
1680181487.0 92.4 85.2
1680181488.0 59.6 85.7
1680181489.0 42.0 86.7
1680181490.0 53.2 90.2
1680181491.0 70.4 79.9
1680181492.0 48.0 88.1
1680181493.0 72.6 82.9
1680181494.0 64.5 100.3
1680181495.0 69.4 79.6
1680181496.0 53.8 76.3
1680181497.0 67.3 75.4
1680181498.0 47.4 83.5
1680181499.0 54.3 84.5
1680181500.0 80.2 89.8
1680181501.0 89.5 91.1
1680181502.0 61.7 93.2
1680181503.0 59.2 97.0
1680181504.0 59.6 76.1
1680181505.0 80.9 75.0
1680181506.0 55.3 95.2
1680181507.0 50.6 96.7
1680181508.0 58.2 92.6
1680181509.0 58.3 98.1
1680181510.0 48.7 109.9
1680181511.0 52.4 116.7
1680181512.0 50.2 91.7
1680181513.0 76.7 80.6
1680181514.0 99.3 81.1
1680181515.0 80.3 81.2
1680181516.0 63.7 79.8
1680181517.0 62.0 90.0
1680181518.0 85.2 82.8
1680181519.0 79.7 81.6
1680181520.0 59.8 97.1
1680181521.0 67.4 93.1
1680181522.0 70.4 78.5
1680181523.0 58.9 92.6
1680181524.0 51.6 94.5
1680181525.0 60.1 93.0
1680181526.0 68.0 78.3
1680181527.0 60.3 88.3
1680181528.0 49.9 88.6
1680181529.0 61.5 96.5
1680181530.0 74.8 89.8
1680181531.0 48.1 96.4
1680181532.0 50.0 95.8
1680181533.0 46.4 91.2
1680181534.0 51.6 96.3
1680181535.0 65.4 88.0
1680181536.0 51.0 92.3
1680181537.0 62.7 83.7
1680181538.0 107.4 76.6
1680181539.0 57.9 80.3
1680181540.0 65.9 89.7
1680181541.0 57.0 84.2
1680181542.0 45.1 102.4
1680181543.0 47.8 103.6
1680181544.0 80.6 93.9
1680181545.0 81.7 88.1
1680181546.0 55.1 81.4
1680181547.0 47.2 96.3
1680181548.0 49.4 91.3
1680181549.0 51.7 91.0
1680181550.0 61.6 92.4
1680181551.0 57.9 77.6
1680181552.0 76.0 67.7
1680181553.0 71.8 75.5
1680181554.0 54.4 151.0
1680181555.0 48.0 169.5
1680181556.0 65.3 173.8
1680181557.0 49.9 121.4
1680181558.0 57.6 109.0
1680181559.0 54.0 105.6
1680181560.0 53.0 135.0
1680181561.0 54.5 94.5
1680181562.0 57.6 109.0
1680181563.0 58.8 115.5
1680181564.0 51.7 105.5
1680181565.0 73.4 115.4
1680181566.0 59.6 122.1
1680181567.0 62.4 109.6
1680181568.0 60.8 87.8
1680181569.0 47.7 104.0
1680181570.0 56.6 103.3
1680181571.0 54.8 110.9
1680181572.0 54.9 114.6
1680181573.0 58.1 123.8
1680181574.0 66.8 100.7
1680181575.0 48.4 122.5
1680181576.0 54.5 107.7
1680181577.0 64.0 110.3
1680181578.0 66.4 77.4
1680181579.0 60.0 212.6
1680181580.0 81.4 230.4
1680181581.0 47.6 168.6
1680181584.0 30.2 76.7
1680181585.0 53.4 112.5
1680181586.0 50.8 111.2
1680181587.0 55.5 120.6
1680181588.0 53.2 99.0
1680181589.0 62.3 99.9
1680181590.0 56.5 115.7
1680181591.0 59.7 100.7
1680181592.0 56.3 107.7
1680181593.0 64.0 107.5
1680181594.0 46.1 102.0
1680181595.0 62.8 90.0
1680181596.0 66.8 101.8
1680181597.0 63.2 104.9
1680181598.0 67.9 95.9
1680181599.0 53.0 84.4
1680181600.0 52.1 76.7
1680181601.0 85.8 81.7
1680181602.0 68.6 66.2
1680181603.0 64.2 77.8
1680181604.0 63.8 71.2
1680181605.0 63.9 72.0
1680181606.0 60.1 82.7
1680181607.0 55.1 107.3
1680181608.0 57.7 129.5
1680181609.0 62.5 94.3
1680181610.0 59.5 84.9
1680181611.0 54.6 94.5
1680181612.0 61.7 99.4
1680181613.0 53.8 121.6
1680181614.0 54.2 127.0
1680181615.0 60.5 85.3
1680181616.0 57.9 89.7
1680181617.0 59.4 74.8
1680181618.0 65.2 91.9
1680181619.0 48.9 108.2
1680181620.0 66.1 93.8
1680181621.0 63.3 126.7
1680181622.0 65.6 130.7
1680181623.0 75.4 93.3
1680181624.0 65.8 92.1
1680181625.0 63.9 96.7
1680181626.0 57.7 157.8
1680181627.0 49.7 94.8
1680181628.0 45.0 133.3
1680181629.0 55.3 106.4
1680181630.0 58.1 99.6
1680181631.0 61.3 76.7
1680181632.0 66.2 72.1
1680181633.0 64.0 102.9
1680181634.0 69.4 109.6
1680181635.0 59.9 86.0
1680181636.0 53.6 83.3
1680181637.0 50.1 88.8
1680181638.0 50.4 137.4
1680181639.0 59.4 123.2
1680181640.0 50.6 84.0
1680181641.0 74.7 81.9
1680181642.0 85.7 83.4
1680181643.0 92.2 88.7
1680181644.0 49.4 101.8
1680181645.0 75.3 88.1
1680181646.0 63.2 78.3
1680181647.0 61.5 83.2
1680181648.0 54.4 105.0
1680181649.0 52.8 116.0
1680181650.0 66.0 100.6
1680181651.0 48.7 95.2
1680181652.0 50.2 92.7
1680181653.0 56.7 66.8
1680181654.0 56.8 82.2
1680181655.0 56.9 66.7
1680181656.0 51.4 72.8
1680181657.0 68.1 70.7
1680181658.0 89.9 65.1
1680181659.0 62.2 65.7
1680181660.0 54.4 117.5
1680181661.0 45.5 90.9
1680181662.0 58.3 191.9
1680181663.0 60.2 136.4
1680181664.0 61.1 140.9
1680181665.0 65.4 108.2
1680181666.0 48.2 113.9
1680181667.0 53.8 124.3
1680181668.0 56.9 119.4
1680181669.0 52.2 111.6
1680181670.0 52.2 92.1
1680181671.0 58.4 135.9
1680181672.0 68.1 142.2
1680181673.0 49.9 118.2
1680181674.0 53.8 104.4
1680181675.0 53.8 135.6
1680181676.0 56.7 121.3
1680181677.0 62.3 115.1
1680181678.0 57.3 120.9
1680181679.0 65.2 107.1
1680181680.0 54.4 117.9
1680181681.0 67.5 102.9
1680181682.0 60.6 118.1
1680181683.0 62.2 115.9
1680181684.0 62.2 137.9
1680181685.0 56.7 128.2
1680181686.0 52.2 85.4
1680181687.0 60.1 78.7
1680181688.0 62.8 123.7
1680181689.0 65.5 160.7
1680181690.0 63.4 156.8
1680181691.0 79.8 150.2
1680181692.0 66.6 128.3
1680181693.0 57.3 109.8
1680181694.0 69.0 120.9
1680181695.0 51.2 104.9
1680181696.0 58.1 128.3
1680181697.0 59.2 126.0
1680181698.0 65.4 123.5
1680181699.0 50.6 103.6
1680181700.0 70.0 143.7
1680181701.0 60.9 147.7
1680181702.0 58.0 116.7
1680181703.0 59.5 131.4
1680181704.0 57.6 92.5
1680181705.0 60.5 117.6
1680181706.0 65.1 131.8
1680181707.0 58.6 118.3
1680181708.0 66.5 90.3
1680181709.0 59.0 107.1
1680181710.0 60.4 78.3
1680181711.0 53.4 70.7
1680181712.0 57.7 76.0
1680181713.0 49.1 83.1
1680181714.0 56.1 101.6
1680181715.0 53.1 124.7
1680181716.0 55.2 98.6
1680181717.0 51.7 94.5
1680181718.0 67.5 66.8
1680181719.0 70.7 62.4
1680181720.0 59.0 70.2
1680181721.0 56.3 68.8
1680181722.0 66.3 100.4
1680181723.0 54.9 128.2
1680181724.0 59.2 95.8
1680181725.0 52.5 70.5
1680181726.0 49.0 79.3
1680181727.0 57.2 75.8
1680181728.0 71.0 97.5
1680181729.0 67.9 139.8
1680181730.0 59.7 120.4
1680181731.0 73.2 118.6
1680181732.0 88.3 127.1
1680181733.0 59.9 110.1
1680181734.0 52.6 81.3
1680181735.0 56.3 168.8
1680181736.0 53.8 161.2
1680181737.0 58.1 83.8
1680181738.0 56.1 88.2
1680181739.0 69.9 69.4
1680181740.0 82.9 65.2
1680181741.0 63.6 97.4
1680181742.0 61.2 112.4
1680181743.0 52.5 93.7
1680181744.0 66.8 89.8
1680181745.0 60.6 89.6
1680181746.0 52.8 81.0
1680181747.0 64.3 77.6
1680181748.0 55.9 78.9
1680181749.0 54.4 69.5
1680181750.0 68.3 66.3
1680181751.0 66.3 69.1
1680181752.0 70.8 68.1
1680181753.0 76.0 66.1
1680181754.0 71.0 71.0
1680181755.0 72.2 69.6
1680181756.0 55.7 69.2
1680181757.0 68.5 70.7
1680181758.0 42.1 76.1
1680181759.0 70.4 70.5
1680181760.0 90.4 69.8
1680181761.0 71.3 77.1
1680181762.0 54.8 99.7
1680181763.0 46.2 117.6
1680181764.0 55.6 107.2
1680181765.0 71.4 114.4
1680181766.0 61.4 109.2
1680181767.0 59.5 110.6
1680181768.0 53.4 102.8
1680181769.0 52.1 103.9
1680181770.0 44.3 120.1
1680181771.0 50.0 108.8
1680181772.0 55.0 106.6
1680181773.0 62.8 107.8
1680181774.0 51.7 104.8
1680181775.0 60.0 103.4
1680181776.0 58.7 93.7
1680181777.0 67.1 100.5
1680181778.0 59.0 94.5
1680181779.0 55.4 97.5
1680181780.0 53.2 126.8
1680181781.0 53.6 111.2
1680181782.0 69.7 122.4
1680181783.0 49.9 122.6
1680181784.0 49.0 136.1
1680181785.0 55.7 130.2
1680181786.0 51.5 124.7
1680181787.0 54.8 110.8
1680181788.0 54.6 123.0
1680181789.0 59.4 112.9
1680181790.0 85.5 99.9
1680181791.0 59.7 109.5
1680181792.0 48.6 101.1
1680181793.0 52.8 89.8
1680181794.0 47.3 94.6
1680181795.0 48.5 116.4
1680181796.0 50.0 141.9
1680181797.0 72.3 143.3
1680181798.0 60.4 133.1
1680181799.0 50.0 106.8
1680181800.0 53.7 104.3
1680181801.0 53.3 113.2
1680181802.0 54.1 115.0
1680181803.0 46.1 125.4
1680181804.0 52.6 141.2
1680181805.0 86.7 127.3
1680181806.0 66.5 119.2
1680181807.0 48.2 103.1
1680181808.0 68.7 113.0
1680181809.0 62.8 90.0
1680181810.0 62.0 77.2
1680181811.0 67.0 71.8
1680181812.0 58.6 69.5
1680181813.0 58.3 84.7
1680181814.0 72.1 69.1
1680181815.0 58.6 77.5
1680181816.0 76.8 70.6
1680181817.0 100.1 72.7
1680181818.0 58.5 68.6
1680181819.0 68.2 76.2
1680181820.0 51.5 140.9
1680181821.0 58.1 122.7
1680181822.0 53.9 94.3
1680181823.0 62.7 99.7
1680181824.0 47.4 111.2
1680181825.0 59.1 142.3
1680181826.0 50.4 134.7
1680181827.0 57.9 128.2
1680181828.0 43.3 133.0
1680181829.0 54.4 131.0
1680181830.0 48.6 96.6
1680181831.0 48.0 96.2
1680181832.0 58.5 106.4
1680181833.0 69.5 78.6
1680181834.0 72.3 71.3
1680181835.0 63.1 120.5
1680181836.0 49.9 113.9
1680181837.0 57.3 76.3
1680181838.0 63.7 69.4
1680181839.0 55.6 77.1
1680181840.0 77.8 90.9
1680181841.0 57.1 83.8
1680181842.0 70.0 89.4
1680181843.0 51.9 91.7
1680181844.0 50.6 91.2
1680181845.0 61.7 98.0
1680181846.0 65.2 94.1
1680181847.0 60.5 106.0
1680181848.0 50.0 120.0
1680181849.0 54.1 110.8
1680181850.0 63.6 102.9
1680181851.0 55.8 107.2
1680181852.0 58.3 127.1
1680181853.0 59.5 102.1
1680181854.0 61.1 76.3
1680181855.0 56.5 136.4
1680181856.0 54.0 161.6
1680181857.0 50.0 130.7
1680181858.0 58.1 93.3
1680181859.0 55.2 81.2
1680181860.0 60.0 99.3
1680181861.0 59.5 100.6
1680181862.0 66.0 96.8
1680181863.0 59.6 79.8
1680181864.0 64.9 71.2
1680181865.0 59.3 98.8
1680181866.0 57.7 129.1
1680181867.0 64.3 114.2
1680181868.0 75.4 107.9
1680181869.0 58.6 99.3
1680181870.0 58.2 90.8
1680181871.0 66.2 80.6
1680181872.0 57.7 99.0
1680181873.0 57.4 107.2
1680181874.0 52.7 109.2
1680181875.0 51.5 72.4
1680181876.0 59.6 113.2
1680181877.0 54.6 114.8
1680181878.0 57.0 97.0
1680181879.0 69.8 74.8
1680181880.0 75.8 77.5
1680181881.0 79.6 73.7
1680181882.0 80.9 72.3
1680181883.0 71.3 72.6
1680181884.0 59.1 67.6
1680181885.0 64.1 75.0
1680181886.0 65.6 77.2
1680181887.0 70.4 77.5
1680181888.0 65.8 69.6
1680181889.0 61.5 74.5
1680181890.0 72.1 72.0
1680181891.0 61.7 73.0
1680181892.0 68.6 79.2
1680181893.0 71.5 80.2
1680181894.0 85.2 76.5
1680181895.0 80.9 84.6
1680181896.0 64.3 90.9
1680181897.0 78.3 93.0
1680181898.0 90.7 118.2
1680181899.0 92.1 119.6
1680181900.0 65.2 136.7
1680181901.0 93.2 107.5
1680181902.0 86.3 113.2
1680181903.0 82.7 104.0
1680181904.0 89.4 106.3
1680181905.0 80.3 116.9
1680181906.0 73.0 91.3
1680181907.0 68.3 99.7
1680181908.0 65.6 104.2
1680181909.0 77.6 118.6
1680181910.0 69.2 99.3
1680181911.0 87.3 125.7
1680181912.0 81.9 92.5
1680181913.0 109.5 125.7
1680181914.0 78.2 118.6
1680181915.0 75.1 114.1
1680181916.0 69.5 101.8
1680181917.0 93.0 79.2
1680181918.0 88.6 84.5
1680181919.0 116.3 144.7
1680181920.0 85.4 95.6
1680181921.0 80.8 111.1
1680181922.0 97.8 87.9
1680181923.0 84.1 92.9
1680181924.0 90.1 96.9
1680181925.0 77.2 121.6
1680181926.0 105.2 103.7
1680181927.0 76.5 102.2
1680181928.0 88.8 105.3
1680181929.0 91.3 101.2
1680181930.0 77.3 91.7
1680181931.0 70.5 92.1
1680181932.0 71.6 100.4
1680181933.0 89.2 92.3
1680181934.0 72.4 98.2
1680181935.0 78.6 94.8
1680181936.0 79.2 94.0
1680181937.0 57.5 78.6
1680181938.0 80.7 99.5
1680181939.0 83.5 146.0
1680181940.0 78.8 130.8
1680181941.0 88.0 104.8
1680181942.0 62.8 91.0
1680181943.0 56.2 88.2
1680181944.0 71.3 91.6
1680181945.0 59.3 94.7
1680181946.0 62.7 112.7
1680181947.0 79.1 95.5
1680181948.0 74.5 103.1
1680181949.0 70.4 89.2
1680181950.0 84.7 94.4
1680181951.0 73.5 103.7
1680181952.0 69.7 84.9
1680181953.0 71.3 85.3
1680181954.0 93.2 94.0
1680181955.0 79.2 94.9
1680181956.0 75.6 101.6
1680181957.0 67.1 86.5
1680181958.0 60.5 85.8
1680181959.0 61.2 84.5
1680181960.0 63.0 78.1
1680181961.0 69.7 82.6
1680181962.0 69.7 76.4
1680181963.0 69.1 77.2
1680181964.0 65.8 82.8
1680181965.0 66.8 81.7
1680181966.0 82.6 99.3
1680181967.0 63.7 97.5
1680181968.0 84.6 96.0
1680181969.0 68.9 89.9
1680181970.0 62.8 93.3
1680181971.0 73.6 84.3
1680181972.0 77.0 85.7
1680181973.0 66.9 112.3
1680181974.0 67.3 89.6
1680181975.0 69.5 97.3
1680181976.0 77.2 80.7
1680181977.0 71.2 107.5
1680181978.0 72.8 102.0
1680181979.0 71.8 88.3
1680181980.0 87.1 101.2
1680181981.0 93.1 101.0
1680181982.0 85.1 90.0
1680181983.0 79.8 96.6
1680181984.0 65.8 93.5
1680181985.0 70.4 95.5
1680181986.0 76.1 95.8
1680181987.0 73.2 96.7
1680181988.0 61.8 93.0
1680181989.0 68.3 103.4
1680181990.0 72.5 115.2
1680181991.0 74.2 95.1
1680181992.0 64.2 99.2
1680181993.0 75.1 91.4
1680181994.0 69.2 93.5
1680181995.0 74.4 86.1
1680181996.0 76.3 111.4
1680181997.0 75.9 102.9
1680181998.0 82.1 102.2
1680181999.0 84.8 105.2
1680182000.0 77.0 83.5
1680182001.0 80.7 139.0
1680182002.0 68.5 89.6
1680182003.0 80.7 85.0
1680182004.0 78.0 84.7
1680182005.0 63.0 83.6
1680182006.0 78.3 94.6
1680182007.0 78.3 105.3
1680182008.0 82.6 141.7
1680182009.0 70.9 122.4
1680182010.0 85.6 100.8
1680182011.0 81.5 109.3
1680182012.0 83.4 90.8
1680182013.0 78.4 83.0
1680182014.0 98.2 104.4
1680182015.0 81.4 92.1
1680182016.0 71.3 98.2
1680182017.0 63.5 104.1
1680182018.0 60.0 81.5
1680182019.0 63.9 86.7
1680182020.0 72.4 94.4
1680182021.0 72.1 104.5
1680182022.0 62.4 86.4
1680182023.0 71.8 92.4
1680182024.0 73.1 96.3
1680182025.0 79.1 94.0
1680182026.0 80.9 104.3
1680182027.0 65.9 104.4
1680182028.0 81.6 84.6
1680182029.0 73.3 103.2
1680182030.0 69.1 110.8
1680182031.0 69.3 106.6
1680182032.0 73.3 82.9
1680182033.0 72.5 85.8
1680182034.0 65.9 100.6
1680182035.0 68.0 100.7
1680182036.0 71.3 83.6
1680182037.0 68.1 92.8
1680182038.0 56.3 83.7
1680182039.0 59.7 79.9
1680182040.0 73.2 83.0
1680182041.0 70.9 145.0
1680182042.0 79.0 99.8
1680182043.0 77.6 92.6
1680182044.0 77.0 91.4
1680182045.0 74.4 96.5
1680182046.0 94.7 102.7
1680182047.0 70.3 90.3
1680182048.0 68.0 105.9
1680182049.0 71.0 106.8
1680182050.0 61.4 93.7
1680182051.0 57.6 101.5
1680182052.0 77.3 107.0
1680182053.0 67.1 88.4
1680182054.0 71.9 98.9
1680182055.0 75.1 96.7
1680182056.0 67.4 96.9
1680182057.0 54.0 89.9
1680182058.0 44.4 87.4
1680182059.0 45.9 94.7
1680182060.0 52.3 84.6
1680182061.0 57.9 106.5
1680182062.0 61.5 97.7
1680182063.0 47.9 74.7
1680182064.0 55.7 85.2
1680182065.0 52.8 107.0
1680182066.0 51.3 115.0
1680182067.0 37.4 48.2
1680182068.0 64.6 75.6
1680182069.0 52.5 101.3
1680182070.0 61.2 101.9
1680182071.0 75.4 92.6
1680182072.0 52.3 91.1
1680182073.0 73.5 99.2
1680182074.0 62.8 115.3
1680182075.0 63.7 87.2
1680182076.0 77.9 71.2
1680182077.0 68.7 82.3
1680182078.0 73.3 79.9
1680182079.0 75.1 73.7
1680182080.0 69.0 89.5
1680182081.0 73.1 127.4
1680182082.0 79.1 93.4
1680182083.0 75.9 84.5
1680182084.0 78.9 92.4
1680182085.0 70.5 101.2
1680182086.0 67.5 82.2
1680182087.0 76.1 89.6
1680182088.0 73.6 104.2
1680182089.0 82.3 87.1
1680182090.0 74.4 87.6
1680182091.0 79.1 86.1
1680182092.0 66.7 91.1
1680182093.0 80.0 98.2
1680182094.0 73.7 94.6
1680182095.0 71.8 82.9
1680182096.0 67.8 84.3
1680182097.0 75.8 87.1
1680182098.0 67.7 92.2
1680182099.0 96.6 86.0
1680182100.0 79.0 84.1
1680182101.0 74.0 111.8
1680182102.0 70.0 109.1
1680182103.0 84.9 111.8
1680182104.0 71.1 106.3
1680182105.0 60.3 89.8
1680182106.0 80.5 88.1
1680182107.0 66.2 89.3
1680182108.0 84.3 94.4
1680182109.0 84.9 92.7
1680182110.0 78.8 105.1
1680182111.0 76.7 89.2
1680182112.0 71.7 102.5
1680182113.0 75.6 110.9
1680182114.0 72.4 149.2
1680182115.0 77.1 112.6
1680182116.0 69.6 107.0
1680182117.0 71.4 94.0
1680182118.0 67.0 113.1
1680182119.0 75.9 106.2
1680182120.0 60.9 92.7
1680182121.0 67.0 82.5
1680182122.0 71.8 92.0
1680182123.0 73.9 94.7
1680182124.0 65.3 113.1
1680182125.0 83.1 99.0
1680182126.0 63.5 97.1
1680182127.0 76.4 84.4
1680182128.0 71.0 88.0
1680182129.0 64.4 92.4
1680182130.0 75.5 95.7
1680182131.0 71.4 120.3
1680182132.0 79.1 101.2
1680182133.0 88.6 130.5
1680182134.0 70.6 115.8
1680182135.0 77.2 89.4
1680182136.0 78.3 88.8
1680182137.0 85.8 92.8
1680182138.0 70.0 111.2
1680182139.0 80.4 97.5
1680182140.0 75.5 97.7
1680182141.0 70.3 97.5
1680182142.0 84.7 93.9
1680182143.0 76.8 90.4
1680182144.0 70.0 90.6
1680182145.0 77.3 88.2
1680182146.0 70.5 84.1
1680182147.0 74.4 88.8
1680182148.0 73.4 92.6
1680182149.0 88.1 111.2
1680182150.0 69.1 92.2
1680182151.0 70.1 95.0
1680182152.0 68.8 117.9
1680182153.0 75.3 135.6
1680182154.0 91.2 111.3
1680182155.0 77.4 99.6
1680182156.0 67.5 121.4
1680182157.0 66.9 119.8
1680182158.0 73.3 85.8
1680182159.0 69.9 96.7
1680182160.0 74.9 87.7
1680182161.0 64.5 98.0
1680182162.0 80.0 90.3
1680182163.0 61.5 97.3
1680182164.0 64.6 87.1
1680182165.0 69.8 92.8
1680182166.0 57.1 95.0
1680182167.0 63.6 103.6
1680182168.0 94.8 144.0
1680182169.0 74.6 114.7
1680182170.0 71.5 102.9
1680182171.0 63.2 111.1
1680182172.0 80.5 103.4
1680182173.0 66.3 118.0
1680182174.0 62.0 67.8
1680182175.0 61.7 158.0
1680182176.0 73.6 129.3
1680182177.0 70.7 97.5
1680182178.0 60.6 104.6
1680182179.0 66.4 94.0
1680182180.0 80.1 109.5
1680182181.0 76.1 109.5
1680182182.0 83.2 108.3
1680182183.0 88.1 113.9
1680182184.0 80.6 105.5
1680182185.0 80.3 89.5
1680182186.0 68.9 97.9
1680182187.0 75.1 107.9
1680182188.0 79.6 89.0
1680182189.0 86.2 96.4
1680182190.0 89.4 91.1
1680182191.0 75.3 98.5
1680182192.0 64.8 100.5
1680182193.0 58.5 97.4
1680182194.0 56.5 90.2
1680182195.0 57.4 95.0
1680182196.0 60.1 97.8
1680182197.0 56.9 101.9
1680182198.0 61.0 90.5
1680182199.0 66.3 90.9
1680182200.0 74.8 86.3
1680182201.0 55.5 94.0
1680182202.0 44.1 53.2
1680182203.0 54.4 89.9
1680182204.0 52.8 77.1
1680182205.0 64.6 92.1
1680182206.0 62.1 96.2
1680182207.0 75.3 97.9
1680182208.0 73.2 102.5
1680182209.0 64.7 89.3
1680182210.0 72.4 89.6
1680182211.0 85.3 127.9
1680182212.0 87.1 113.1
1680182213.0 70.9 119.0
1680182214.0 84.6 93.6
1680182215.0 72.3 101.4
1680182216.0 76.7 105.4
1680182217.0 73.9 147.5
1680182218.0 61.1 94.2
1680182219.0 71.2 125.4
1680182220.0 94.9 94.1
1680182221.0 91.0 104.5
1680182222.0 84.5 90.7
1680182223.0 67.8 93.9
1680182224.0 78.3 80.3
1680182225.0 75.7 95.6
1680182226.0 83.2 95.6
1680182227.0 76.6 99.8
1680182228.0 71.8 95.1
1680182229.0 65.7 118.3
1680182230.0 63.9 107.4
1680182231.0 73.4 115.7
1680182232.0 72.4 154.0
1680182233.0 70.8 106.6
1680182234.0 63.5 94.1
1680182235.0 64.4 90.9
1680182236.0 72.2 90.8
1680182237.0 74.6 95.1
1680182238.0 73.6 92.5
1680182239.0 84.5 97.7
1680182240.0 78.4 103.6
1680182241.0 81.3 110.9
1680182242.0 92.9 102.5
1680182243.0 65.5 99.0
1680182244.0 80.1 157.5
1680182245.0 81.4 133.2
1680182246.0 75.0 113.5
1680182247.0 63.8 84.9
1680182248.0 88.0 157.4
1680182249.0 86.9 119.8
1680182250.0 72.3 116.9
1680182251.0 77.8 85.5
1680182252.0 75.0 84.3
1680182253.0 83.3 112.3
1680182254.0 74.3 101.6
1680182255.0 69.1 80.2
1680182256.0 63.8 71.7
1680182257.0 68.2 76.3
1680182258.0 71.6 76.7
1680182259.0 64.2 78.4
1680182260.0 55.7 94.2
1680182261.0 80.2 105.0
1680182262.0 56.5 88.1
1680182263.0 66.3 95.4
1680182264.0 76.9 144.8
1680182265.0 90.0 114.9
1680182266.0 76.8 94.5
1680182267.0 61.1 88.3
1680182268.0 65.0 85.7
1680182269.0 79.6 103.1
1680182270.0 62.4 128.8
1680182271.0 77.3 87.4
1680182272.0 67.8 88.7
1680182273.0 59.1 80.4
1680182274.0 65.9 87.0
1680182275.0 76.8 83.6
1680182276.0 70.6 80.0
1680182277.0 74.5 92.9
1680182278.0 75.9 115.8
1680182279.0 59.7 105.3
1680182280.0 60.9 88.4
1680182281.0 55.7 88.9
1680182282.0 66.7 86.3
1680182283.0 70.6 84.3
1680182284.0 65.0 87.0
1680182285.0 58.6 93.9
1680182286.0 61.9 100.4
1680182287.0 64.4 91.2
1680182288.0 58.8 80.5
1680182289.0 55.7 69.7
1680182290.0 67.2 87.8
1680182291.0 75.4 92.5
1680182292.0 65.3 89.3
1680182293.0 68.4 93.6
1680182294.0 66.1 93.7
1680182295.0 79.0 111.4
1680182296.0 73.4 97.7
1680182297.0 59.8 88.8
1680182298.0 71.5 97.6
1680182299.0 83.5 103.1
1680182300.0 66.1 90.8
1680182301.0 61.8 87.7
1680182302.0 63.0 92.8
1680182303.0 81.5 87.1
1680182304.0 70.0 92.2
1680182305.0 82.0 93.5
1680182306.0 79.9 85.6
1680182307.0 61.2 78.0
1680182308.0 85.0 101.4
1680182309.0 67.0 90.3
1680182310.0 64.2 102.1
1680182311.0 76.3 92.6
1680182312.0 62.8 173.3
1680182313.0 52.0 148.5
1680182314.0 56.3 94.7
1680182315.0 65.9 131.1
1680182316.0 71.5 88.7
1680182317.0 88.7 99.4
1680182318.0 71.6 125.1
1680182319.0 75.6 91.5
1680182320.0 72.3 81.2
1680182321.0 67.7 91.6
1680182322.0 66.6 106.0
1680182323.0 71.5 97.1
1680182324.0 68.3 92.1
1680182325.0 72.2 89.1
1680182326.0 65.2 87.9
1680182327.0 74.1 87.7
1680182328.0 59.6 105.2
1680182329.0 55.6 86.5
1680182330.0 51.7 91.0
1680182331.0 53.9 110.5
1680182332.0 55.3 92.5
1680182333.0 50.4 80.2
1680182334.0 66.2 88.1
1680182335.0 69.3 85.5
1680182336.0 76.1 102.2
1680182337.0 60.8 87.8
1680182338.0 61.1 94.6
1680182339.0 83.7 80.6
1680182340.0 73.0 89.7
1680182341.0 68.2 84.3
1680182342.0 68.0 87.4
1680182343.0 56.2 103.5
1680182344.0 60.8 99.8
1680182345.0 70.9 81.0
1680182346.0 70.6 78.8
1680182347.0 76.5 88.1
1680182348.0 66.3 88.6
1680182349.0 57.2 79.2
1680182350.0 62.2 81.2
1680182351.0 60.7 73.9
1680182352.0 61.8 79.6
1680182353.0 61.3 92.4
1680182354.0 62.2 74.5
1680182355.0 61.2 72.2
1680182356.0 55.2 83.8
1680182357.0 52.6 72.8
1680182358.0 57.4 70.7
1680182359.0 59.9 72.9
1680182360.0 70.0 77.1
1680182361.0 64.7 77.9
1680182362.0 67.7 84.4
1680182363.0 67.9 100.8
1680182364.0 68.2 92.5
1680182365.0 57.3 86.4
1680182366.0 60.3 74.8
1680182367.0 65.9 77.6
1680182368.0 54.4 77.8
1680182369.0 56.3 78.8
1680182370.0 59.7 89.2
1680182371.0 44.7 91.1
1680182372.0 62.8 87.3
1680182373.0 61.0 79.5
1680182374.0 60.7 86.3
1680182375.0 74.9 77.4
1680182376.0 67.0 83.8
1680182377.0 72.2 84.8
1680182378.0 53.7 78.6
1680182379.0 53.3 77.5
1680182380.0 62.8 86.4
1680182381.0 61.0 81.3
1680182382.0 70.3 83.3
1680182383.0 70.9 79.4
1680182384.0 54.5 98.8
1680182385.0 58.3 88.1
1680182386.0 63.1 87.6
1680182387.0 67.6 86.0
1680182388.0 61.0 89.2
1680182389.0 80.7 117.2
1680182390.0 67.3 79.9
1680182391.0 66.5 77.0
1680182392.0 57.4 75.3
1680182393.0 64.2 67.8
1680182394.0 60.4 67.9
1680182395.0 79.8 69.8
1680182396.0 68.2 70.4
1680182397.0 67.6 68.2
1680182398.0 74.8 78.2
1680182399.0 80.7 82.9
1680182400.0 75.8 94.7
1680182401.0 71.4 89.1
1680182402.0 68.7 71.0
1680182403.0 75.9 80.1
1680182404.0 60.6 78.8
1680182405.0 75.1 100.9
1680182406.0 69.9 87.4
1680182407.0 68.9 80.7
1680182408.0 92.6 72.0
1680182409.0 76.0 77.1
1680182410.0 66.6 81.8
1680182411.0 63.2 77.6
1680182412.0 58.9 82.9
1680182413.0 63.1 71.5
1680182414.0 64.4 70.2
1680182415.0 77.7 75.1
1680182416.0 78.5 84.3
1680182417.0 74.3 86.7
1680182418.0 68.6 89.2
1680182419.0 63.2 86.8
1680182420.0 67.7 74.8
1680182421.0 60.4 92.2
1680182422.0 57.8 85.2
1680182423.0 70.8 88.8
1680182424.0 68.8 81.4
1680182425.0 71.3 89.3
1680182426.0 63.5 79.7
1680182427.0 68.4 89.8
1680182428.0 51.4 105.7
1680182429.0 65.6 88.3
1680182430.0 63.2 87.3
1680182431.0 59.7 81.2
1680182432.0 66.3 99.5
1680182433.0 62.5 89.3
1680182434.0 68.2 82.6
1680182435.0 73.9 125.0
1680182436.0 73.5 120.3
1680182437.0 89.7 144.0
1680182438.0 67.5 115.8
1680182439.0 77.2 87.7
1680182440.0 70.4 152.5
1680182441.0 66.7 134.0
1680182442.0 66.6 101.3
1680182443.0 73.3 95.2
1680182444.0 65.4 75.4
1680182445.0 65.1 94.0
1680182446.0 67.4 86.3
1680182447.0 60.5 114.2
1680182448.0 66.7 177.7
1680182449.0 75.0 141.9
1680182450.0 73.3 93.6
1680182451.0 65.1 135.8
1680182452.0 61.2 163.6
1680182453.0 67.6 142.5
1680182454.0 56.2 179.8
1680182455.0 63.7 129.4
1680182456.0 61.9 107.8
1680182457.0 51.4 99.0
1680182458.0 53.5 86.2
1680182459.0 56.3 100.6
1680182460.0 52.8 82.0
1680182461.0 55.7 81.6
1680182462.0 58.3 86.3
1680182463.0 58.7 88.0
1680182464.0 66.2 170.4
1680182465.0 60.6 97.8
1680182466.0 47.4 85.8
1680182467.0 54.4 83.8
1680182468.0 66.2 93.4
1680182469.0 63.7 85.1
1680182470.0 58.1 94.1
1680182471.0 65.4 90.1
1680182472.0 55.8 83.7
1680182473.0 58.7 96.7
1680182474.0 55.8 84.2
1680182475.0 67.7 162.8
1680182476.0 60.3 167.4
1680182477.0 66.1 126.5
1680182478.0 59.8 78.9
1680182479.0 78.6 105.0
1680182480.0 51.1 70.0
1680182481.0 56.5 70.4
1680182482.0 55.7 67.8
1680182483.0 78.2 75.1
1680182484.0 61.1 72.6
1680182485.0 57.4 77.1
1680182486.0 56.6 82.2
1680182487.0 59.9 84.9
1680182488.0 64.7 99.5
1680182489.0 58.4 122.8
1680182490.0 62.1 145.4
1680182491.0 65.3 97.5
1680182492.0 66.8 134.5
1680182493.0 73.4 117.5
1680182494.0 55.7 108.9
1680182495.0 62.1 182.7
1680182496.0 56.1 85.5
1680182497.0 52.5 70.5
1680182498.0 66.3 83.6
1680182499.0 69.6 75.1
1680182500.0 63.3 95.2
1680182501.0 64.3 96.9
1680182502.0 69.7 85.1
1680182503.0 63.4 88.6
1680182504.0 83.7 102.7
1680182505.0 68.2 91.5
1680182506.0 70.3 80.9
1680182507.0 66.7 74.0
1680182508.0 73.8 82.7
1680182509.0 62.7 80.6
1680182510.0 68.7 69.0
1680182511.0 78.4 75.8
1680182512.0 65.7 74.8
1680182513.0 63.2 68.9
1680182514.0 51.2 100.3
1680182515.0 64.3 101.0
1680182516.0 47.3 135.3
1680182517.0 58.0 85.9
1680182518.0 67.8 106.6
1680182519.0 54.1 85.1
1680182520.0 60.3 92.6
1680182521.0 57.4 85.6
1680182522.0 73.4 97.2
1680182523.0 78.2 84.8
1680182524.0 79.0 135.9
1680182525.0 68.3 83.4
1680182526.0 58.2 85.7
1680182527.0 60.0 89.5
1680182528.0 44.0 71.7
1680182529.0 57.2 75.7
1680182530.0 64.6 86.0
1680182531.0 71.2 84.9
1680182532.0 76.0 86.6
1680182533.0 87.1 92.0
1680182534.0 79.2 90.8
1680182535.0 82.0 92.3
1680182536.0 67.3 91.5
1680182537.0 72.2 76.9
1680182538.0 66.5 68.9
1680182539.0 112.7 64.8
1680182540.0 119.0 87.5
1680182541.0 77.5 92.7
1680182542.0 72.1 86.0
1680182543.0 67.9 112.3
1680182544.0 68.5 158.8
1680182545.0 89.5 158.9
1680182546.0 79.3 92.3
1680182547.0 65.4 113.6
1680182548.0 80.4 84.6
1680182549.0 84.2 98.0
1680182550.0 77.4 87.3
1680182551.0 82.4 104.5
1680182552.0 73.2 82.0
1680182553.0 62.1 83.2
1680182554.0 52.9 87.8
1680182555.0 70.2 79.5
1680182556.0 68.5 85.8
1680182557.0 70.7 105.4
1680182558.0 61.9 88.4
1680182559.0 98.3 137.6
1680182560.0 75.4 88.4
1680182561.0 80.1 119.0
1680182562.0 63.4 134.2
1680182563.0 79.0 91.2
1680182564.0 82.2 98.2
1680182565.0 73.6 98.2
1680182566.0 73.7 83.5
1680182567.0 62.7 95.8
1680182568.0 69.3 84.8
1680182569.0 69.9 85.1
1680182570.0 74.3 95.1
1680182571.0 67.2 121.0
1680182572.0 65.8 89.3
1680182573.0 70.0 99.7
1680182574.0 69.0 87.4
1680182575.0 60.9 77.1
1680182576.0 70.6 72.9
1680182577.0 66.6 89.8
1680182578.0 70.9 114.4
1680182579.0 62.1 100.0
1680182580.0 60.9 109.4
1680182581.0 67.1 84.0
1680182582.0 66.0 84.9
1680182583.0 51.0 76.2
1680182584.0 48.8 82.6
1680182585.0 71.4 80.9
1680182586.0 71.7 95.2
1680182587.0 60.2 83.4
1680182588.0 54.3 75.9
1680182589.0 66.7 84.7
1680182590.0 72.3 75.6
1680182591.0 64.7 80.2
1680182592.0 68.3 86.3
1680182593.0 73.0 92.4
1680182594.0 63.6 85.0
1680182595.0 69.5 85.3
1680182596.0 66.6 88.4
1680182597.0 62.9 79.2
1680182598.0 68.0 91.5
1680182599.0 67.7 87.5
1680182600.0 62.9 84.7
1680182601.0 65.1 89.1
1680182602.0 59.0 98.7
1680182603.0 69.7 98.1
1680182604.0 60.1 86.4
1680182605.0 57.7 104.8
1680182606.0 63.1 102.8
1680182607.0 74.8 102.2
1680182608.0 62.9 84.7
1680182609.0 55.7 89.4
1680182610.0 55.8 98.4
1680182611.0 70.7 70.9
1680182612.0 76.7 77.9
1680182613.0 87.0 82.2
1680182614.0 54.0 76.1
1680182615.0 63.7 68.3
1680182616.0 71.0 69.7
1680182617.0 58.4 68.9
1680182618.0 67.1 67.1
1680182619.0 74.4 81.4
1680182620.0 60.2 75.4
1680182621.0 68.9 65.3
1680182622.0 76.8 73.3
1680182623.0 57.1 68.4
1680182624.0 67.2 80.2
1680182625.0 67.2 76.9
1680182626.0 75.7 82.8
1680182627.0 82.7 69.0
1680182628.0 77.8 71.0
1680182629.0 57.8 86.3
1680182630.0 61.3 145.7
1680182631.0 63.4 140.2
1680182632.0 63.9 183.2
1680182633.0 51.6 113.2
1680182634.0 64.0 91.9
1680182635.0 74.8 153.6
1680182636.0 76.6 132.0
1680182637.0 71.0 182.8
1680182638.0 57.1 107.9
1680182639.0 55.1 126.5
1680182640.0 65.5 94.2
1680182641.0 56.8 100.1
1680182642.0 59.1 117.3
1680182643.0 52.3 108.0
1680182644.0 65.8 119.3
1680182645.0 60.3 124.4
1680182646.0 63.5 149.5
1680182647.0 76.7 105.5
1680182648.0 78.8 114.4
1680182649.0 59.0 80.8
1680182650.0 67.6 189.6
1680182651.0 59.5 102.4
1680182652.0 62.3 76.1
1680182653.0 68.9 199.3
1680182654.0 64.1 252.2
1680182655.0 59.5 157.2
1680182656.0 56.0 141.0
1680182657.0 68.6 127.5
1680182658.0 52.4 124.4
1680182659.0 74.7 130.9
1680182660.0 64.0 95.2
1680182661.0 67.5 84.5
1680182662.0 54.0 125.4
1680182663.0 52.0 118.9
1680182664.0 46.0 100.6
1680182665.0 66.9 149.6
1680182666.0 61.6 91.5
1680182667.0 70.6 127.5
1680182668.0 51.9 148.4
1680182669.0 47.8 115.9
1680182670.0 68.9 96.2
1680182671.0 50.8 119.7
1680182672.0 59.2 111.4
1680182673.0 55.1 74.3
1680182674.0 67.2 65.3
1680182675.0 66.1 69.6
1680182676.0 69.1 67.8
1680182677.0 84.9 72.8
1680182678.0 71.8 70.8
1680182679.0 41.5 70.3
1680182680.0 44.0 72.3
1680182681.0 52.2 67.6
1680182682.0 57.6 108.4
1680182683.0 50.9 95.2
1680182684.0 58.3 137.3
1680182685.0 55.5 93.6
1680182686.0 56.6 128.1
1680182687.0 58.9 110.9
1680182688.0 53.5 91.6
1680182689.0 55.3 121.4
1680182690.0 56.2 78.0
1680182691.0 45.1 107.4
1680182692.0 49.6 94.3
1680182693.0 54.9 99.2
1680182694.0 63.3 106.2
1680182695.0 61.3 86.5
1680182696.0 64.3 125.8
1680182697.0 56.0 106.3
1680182698.0 56.7 93.4
1680182699.0 66.3 94.9
1680182700.0 75.7 83.8
1680182701.0 53.2 85.5
1680182702.0 47.2 175.1
1680182703.0 50.9 96.9
1680182704.0 72.2 118.9
1680182705.0 54.3 113.9
1680182706.0 63.6 101.8
1680182707.0 70.3 108.4
1680182708.0 45.4 100.6
1680182709.0 55.6 121.8
1680182710.0 50.2 81.6
1680182711.0 51.8 78.1
1680182712.0 63.3 68.0
1680182713.0 63.3 66.4
1680182714.0 55.4 91.1
1680182715.0 67.6 150.1
1680182716.0 70.8 121.1
1680182717.0 66.3 88.9
1680182718.0 61.2 87.4
1680182719.0 73.5 97.1
1680182720.0 53.1 83.3
1680182721.0 55.1 127.1
1680182722.0 75.8 147.9
1680182723.0 61.8 81.8
1680182724.0 64.9 92.8
1680182725.0 63.1 81.6
1680182726.0 52.7 91.9
1680182727.0 59.2 98.0
1680182728.0 87.1 88.9
1680182729.0 75.3 91.3
1680182730.0 57.9 85.6
1680182731.0 60.1 87.1
1680182732.0 58.0 102.7
1680182733.0 68.7 191.6
1680182734.0 53.9 152.0
1680182735.0 61.6 129.4
1680182736.0 57.4 157.8
1680182737.0 56.3 132.4
1680182738.0 56.1 78.3
1680182739.0 58.3 69.6
1680182740.0 64.0 127.0
1680182741.0 62.4 148.6
1680182742.0 56.1 110.4
1680182743.0 51.8 84.3
1680182744.0 72.2 94.8
1680182745.0 59.6 149.9
1680182746.0 54.5 149.8
1680182747.0 51.7 98.8
1680182748.0 68.9 76.7
1680182749.0 60.4 74.6
1680182750.0 61.0 161.0
1680182751.0 52.0 72.2
1680182752.0 51.9 114.5
1680182753.0 57.5 126.9
1680182754.0 55.7 164.5
1680182755.0 60.3 183.8
1680182756.0 61.8 107.8
1680182757.0 58.5 102.4
1680182758.0 60.1 99.9
1680182759.0 60.5 97.3
1680182760.0 57.5 98.3
1680182761.0 66.7 89.2
1680182762.0 58.9 101.5
1680182763.0 54.1 117.2
1680182764.0 73.1 116.8
1680182765.0 62.7 78.1
1680182766.0 68.9 87.4
1680182767.0 72.2 77.3
1680182768.0 55.7 94.8
1680182769.0 74.2 97.8
1680182770.0 47.7 96.8
1680182771.0 80.3 102.7
1680182772.0 65.4 106.5
1680182773.0 48.7 103.9
1680182774.0 60.4 108.1
1680182775.0 57.4 98.3
1680182776.0 51.7 101.3
1680182777.0 49.2 105.7
1680182778.0 58.7 114.1
1680182779.0 69.9 109.6
1680182780.0 68.8 107.5
1680182781.0 87.5 102.7
1680182782.0 59.1 104.8
1680182783.0 74.6 104.7
1680182784.0 75.9 107.0
1680182785.0 62.9 90.8
1680182786.0 67.4 118.0
1680182787.0 85.4 99.8
1680182788.0 56.5 113.0
1680182789.0 92.6 114.8
1680182790.0 66.9 80.0
1680182791.0 43.2 129.5
1680182792.0 54.5 98.2
1680182793.0 67.1 131.8
1680182794.0 52.2 125.3
1680182795.0 55.9 143.0
1680182796.0 78.9 113.1
1680182797.0 79.9 132.4
1680182798.0 65.0 113.4
1680182799.0 51.3 131.2
1680182800.0 69.5 117.1
1680182801.0 70.5 119.3
1680182802.0 80.7 110.2
1680182803.0 49.2 100.9
1680182804.0 50.4 94.5
1680182805.0 62.5 100.4
1680182806.0 61.3 90.5
1680182807.0 53.9 135.4
1680182808.0 53.5 133.8
1680182809.0 66.9 132.2
1680182810.0 47.3 143.8
1680182811.0 42.2 116.7
1680182812.0 69.2 113.7
1680182813.0 86.4 93.8
1680182814.0 105.8 90.3
1680182815.0 80.2 91.3
1680182816.0 59.0 87.1
1680182817.0 58.5 98.6
1680182818.0 55.2 138.3
1680182819.0 58.2 116.1
1680182820.0 84.2 110.1
1680182821.0 46.8 147.3
1680182822.0 58.7 146.3
1680182823.0 51.3 129.1
1680182824.0 55.4 99.9
1680182825.0 65.8 84.0
1680182826.0 54.2 78.4
1680182827.0 48.9 63.6
1680182828.0 57.5 67.9
1680182829.0 76.4 68.7
1680182830.0 74.4 65.9
1680182831.0 57.2 66.0
1680182832.0 48.4 76.9
1680182833.0 54.5 141.1
1680182834.0 44.0 100.8
1680182835.0 46.8 89.4
1680182836.0 45.6 79.8
1680182837.0 67.7 86.1
1680182838.0 53.2 73.0
1680182839.0 44.4 98.4
1680182840.0 63.4 75.1
1680182841.0 69.4 70.7
1680182842.0 69.9 64.7
1680182843.0 63.1 62.7
1680182844.0 80.9 70.9
1680182845.0 58.6 65.8
1680182846.0 50.7 68.7
1680182847.0 53.7 68.8
1680182848.0 61.8 68.3
1680182849.0 89.4 65.8
1680182850.0 96.3 60.4
1680182851.0 92.2 65.7
1680182852.0 77.4 65.8
1680182853.0 81.4 64.6
1680182854.0 56.5 96.9
1680182855.0 88.9 73.1
1680182856.0 116.5 66.2
1680182857.0 78.5 69.6
1680182858.0 113.4 63.6
1680182859.0 87.5 66.0
1680182860.0 110.0 67.8
1680182861.0 63.2 65.4
1680182862.0 95.5 67.4
1680182863.0 76.3 62.9
1680182864.0 48.6 66.9
1680182865.0 109.8 67.1
1680182866.0 118.7 65.8
1680182867.0 63.8 65.2
1680182868.0 64.1 67.4
1680182869.0 64.2 68.3
1680182870.0 88.2 65.2
1680182871.0 64.4 67.7
1680182872.0 106.3 63.4
1680182873.0 113.4 71.5
1680182874.0 104.6 65.0
1680182875.0 88.4 65.4
1680182876.0 89.3 70.0
1680182877.0 102.9 70.6
1680182878.0 90.0 64.6
1680182879.0 77.1 68.9
1680182880.0 52.1 62.5
1680182881.0 77.6 63.7
1680182882.0 81.1 69.6
1680182883.0 114.6 64.5
1680182884.0 64.4 67.5
1680182885.0 68.2 62.8
1680182886.0 79.1 74.0
1680182887.0 100.6 64.0
1680182888.0 113.3 71.1
1680182889.0 111.0 69.9
1680182890.0 83.6 68.7
1680182891.0 100.1 71.1
1680182892.0 90.7 67.2
1680182893.0 122.3 67.9
1680182894.0 120.6 63.0
1680182895.0 105.6 67.5
1680182896.0 97.6 69.9
1680182897.0 86.2 65.4
1680182898.0 94.7 67.7
1680182899.0 68.9 69.4
1680182900.0 68.7 63.4
1680182901.0 74.3 65.0
1680182902.0 99.6 69.4
1680182903.0 39.0 74.7
1680182904.0 69.7 68.1
1680182905.0 65.5 69.2
1680182906.0 78.5 69.6
1680182907.0 74.2 67.0
1680182908.0 101.5 70.8
1680182909.0 106.6 65.3
1680182910.0 86.5 70.9
1680182911.0 75.5 70.3
1680182912.0 94.8 68.3
1680182913.0 103.9 63.4
1680182914.0 83.5 65.9
1680182915.0 76.1 64.2
1680182916.0 86.8 68.2
1680182917.0 111.4 66.0
1680182918.0 92.8 65.7
1680182919.0 82.1 68.2
1680182920.0 103.0 69.7
1680182921.0 87.3 69.8
1680182922.0 96.7 68.6
1680182923.0 88.2 68.6
1680182924.0 78.0 64.4
1680182925.0 95.4 66.6
1680182926.0 113.3 63.3
1680182927.0 92.1 66.0
1680182928.0 86.8 67.6
1680182929.0 85.8 62.9
1680182930.0 101.0 69.8
1680182931.0 101.6 63.6
1680182932.0 122.7 63.5
1680182933.0 112.2 70.1
1680182934.0 91.2 67.2
1680182935.0 62.9 64.4
1680182936.0 65.8 67.2
1680182937.0 66.1 69.4
1680182938.0 48.4 64.3
1680182939.0 101.9 68.4
1680182940.0 82.4 72.8
1680182941.0 88.3 73.0
1680182942.0 91.1 62.4
1680182943.0 75.3 68.9
1680182944.0 66.4 67.9
1680182945.0 63.3 65.5
1680182946.0 47.6 69.3
1680182947.0 68.0 71.2
1680182948.0 77.8 71.1
1680182949.0 83.1 61.6
1680182950.0 86.4 65.7
1680182951.0 85.6 66.7
1680182952.0 104.1 62.5
1680182953.0 117.7 66.6
1680182954.0 88.2 65.7
1680182955.0 85.0 65.5
1680182956.0 96.4 67.7
1680182957.0 89.5 66.7
1680182958.0 94.9 67.6
1680182959.0 89.2 63.5
1680182960.0 110.6 69.1
1680182961.0 95.0 66.0
1680182962.0 85.0 72.0
1680182963.0 75.1 69.5
1680182964.0 53.3 65.4
1680182965.0 67.4 65.2
1680182966.0 69.2 68.8
1680182967.0 76.4 68.9
1680182968.0 54.4 66.6
1680182969.0 55.9 69.2
1680182970.0 74.6 64.5
1680182971.0 93.1 68.5
1680182972.0 118.5 63.3
1680182973.0 67.7 66.3
1680182974.0 57.7 64.8
1680182975.0 123.8 63.8
1680182976.0 81.0 72.0
1680182977.0 109.3 62.0
1680182978.0 102.4 78.6
1680182979.0 48.5 72.9
1680182980.0 52.5 73.7
1680182981.0 67.7 64.0
1680182982.0 75.0 67.3
1680182983.0 98.5 69.5
1680182984.0 78.2 65.1
1680182985.0 87.3 67.0
1680182986.0 96.3 65.6
1680182987.0 106.7 63.9
1680182988.0 82.8 65.5
1680182989.0 106.6 68.0
1680182990.0 120.3 68.8
1680182991.0 91.6 63.2
1680182992.0 84.9 65.8
1680182993.0 81.0 66.9
1680182994.0 76.7 64.7
1680182995.0 84.7 67.3
1680182996.0 74.9 70.4
1680182997.0 92.7 64.4
1680182998.0 91.4 70.9
1680182999.0 63.9 70.7
1680183000.0 62.1 71.0
1680183001.0 84.2 70.5
1680183002.0 110.4 71.0
1680183003.0 91.6 67.1
1680183004.0 106.0 65.7
1680183005.0 86.9 63.2
1680183006.0 98.2 69.0
1680183007.0 102.8 71.0
1680183008.0 63.2 68.7
1680183009.0 93.8 71.8
1680183010.0 85.8 65.3
1680183011.0 100.5 66.3
1680183012.0 103.0 65.5
1680183013.0 120.7 69.4
1680183014.0 82.5 67.0
1680183015.0 85.4 63.6
1680183016.0 79.5 63.8
1680183017.0 97.4 63.9
1680183018.0 72.5 66.5
1680183019.0 89.6 69.4
1680183020.0 71.3 69.6
1680183021.0 63.5 63.7
1680183022.0 54.1 73.0
1680183023.0 77.7 62.0
1680183024.0 50.9 66.5
1680183025.0 64.3 69.2
1680183026.0 55.4 73.4
1680183027.0 50.7 71.5
1680183028.0 46.9 88.6
1680183029.0 68.8 70.8
1680183030.0 82.8 67.8
1680183031.0 73.0 66.4
1680183032.0 77.6 75.4
1680183033.0 88.6 67.5
1680183034.0 82.4 62.4
1680183035.0 84.2 66.8
1680183036.0 109.8 66.3
1680183037.0 93.8 65.0
1680183038.0 88.3 66.2
1680183039.0 72.4 68.6
1680183040.0 75.2 65.4
1680183041.0 69.7 70.8
1680183042.0 62.0 64.6
1680183043.0 83.8 70.4
1680183044.0 110.6 63.4
1680183045.0 93.6 67.3
1680183046.0 69.1 73.0
1680183047.0 109.5 66.8
1680183048.0 79.1 69.6
1680183049.0 94.4 65.7
1680183050.0 112.4 69.7
1680183051.0 102.5 63.3
1680183052.0 94.3 70.3
1680183053.0 90.1 66.6
1680183054.0 100.0 67.9
1680183055.0 101.6 70.8
1680183056.0 113.6 67.0
1680183057.0 87.0 70.4
1680183058.0 94.7 65.2
1680183059.0 79.7 66.4
1680183060.0 88.9 68.8
1680183061.0 75.4 64.8
1680183062.0 84.8 66.1
1680183063.0 73.6 69.6
1680183064.0 79.3 66.8
1680183065.0 78.9 71.3
1680183066.0 107.2 65.3
1680183067.0 101.6 69.3
1680183068.0 77.3 63.1
1680183069.0 82.8 67.7
1680183070.0 84.7 64.2
1680183071.0 83.4 66.0
1680183072.0 75.8 70.2
1680183073.0 54.3 66.5
1680183074.0 62.7 65.1
1680183075.0 61.9 67.1
1680183076.0 99.5 67.0
1680183077.0 58.6 65.7
1680183078.0 61.6 67.5
1680183079.0 61.4 64.8
1680183080.0 67.1 68.5
1680183081.0 76.9 69.5
1680183082.0 96.9 70.7
1680183083.0 113.5 69.7
1680183084.0 69.1 67.8
1680183085.0 55.4 62.6
1680183086.0 72.9 68.0
1680183087.0 68.3 72.1
1680183088.0 78.8 66.1
1680183089.0 89.4 69.8
1680183090.0 108.6 68.3
1680183091.0 108.3 73.2
1680183092.0 80.5 69.0
1680183093.0 93.1 66.4
1680183094.0 77.5 67.0
1680183095.0 85.9 69.4
1680183096.0 89.9 70.0
1680183097.0 110.4 64.8
1680183098.0 82.1 72.9
1680183099.0 109.5 68.4
1680183100.0 100.5 67.3
1680183101.0 91.9 69.2
1680183102.0 116.2 66.4
1680183103.0 83.0 67.1
1680183104.0 85.0 70.7
1680183105.0 100.5 69.5
1680183106.0 86.0 69.3
1680183107.0 103.1 64.0
1680183108.0 105.0 74.5
1680183109.0 80.1 67.5
1680183110.0 81.7 65.5
1680183111.0 89.4 72.5
1680183112.0 78.0 66.7
1680183113.0 107.0 69.3
1680183114.0 106.9 67.6
1680183115.0 98.8 72.4
1680183116.0 109.0 69.5
1680183117.0 89.3 67.4
1680183118.0 91.3 69.7
1680183119.0 82.5 67.8
1680183120.0 100.5 66.7
1680183121.0 102.3 70.8
1680183122.0 78.3 68.9
1680183123.0 76.4 67.9
1680183124.0 104.5 67.8
1680183125.0 69.8 71.2
1680183126.0 54.1 64.6
1680183127.0 57.5 65.4
1680183128.0 62.0 70.5
1680183129.0 73.7 68.0
1680183130.0 77.6 71.3
1680183131.0 60.0 67.1
1680183132.0 68.3 67.1
1680183133.0 86.2 65.5
1680183134.0 90.6 66.4
1680183135.0 87.4 68.1
1680183136.0 92.4 67.4
1680183137.0 112.7 69.6
1680183138.0 107.8 71.9
1680183139.0 99.0 71.1
1680183140.0 108.3 67.7
1680183141.0 72.4 72.5
1680183142.0 82.4 67.5
1680183143.0 69.3 68.9
1680183144.0 80.8 62.4
1680183145.0 96.8 71.8
1680183146.0 80.6 68.9
1680183147.0 117.1 71.8
1680183148.0 74.9 67.9
1680183149.0 95.6 67.0
1680183150.0 76.2 69.3
1680183151.0 58.2 69.2
1680183152.0 68.3 71.2
1680183153.0 60.5 69.8
1680183154.0 72.2 66.2
1680183155.0 46.5 74.1
1680183156.0 46.7 65.9
1680183157.0 63.5 62.2
1680183158.0 62.9 87.5
1680183159.0 62.1 83.6
1680183160.0 62.3 88.6
1680183161.0 62.9 123.7
1680183162.0 55.7 105.4
1680183163.0 59.4 88.3
1680183164.0 49.7 82.9
1680183165.0 57.4 81.0
1680183166.0 54.9 70.2
1680183167.0 64.3 68.6
1680183168.0 96.1 69.1
1680183169.0 81.7 65.2
1680183170.0 79.9 66.8
1680183171.0 68.6 67.4
1680183172.0 94.9 64.6
1680183173.0 88.5 66.9
1680183174.0 99.0 69.9
1680183175.0 97.3 67.7
1680183176.0 88.6 67.8
1680183177.0 72.8 69.5
1680183178.0 96.8 72.3
1680183179.0 90.8 64.1
1680183180.0 103.9 66.4
1680183181.0 93.0 69.7
1680183182.0 68.1 71.5
1680183183.0 59.8 66.1
1680183184.0 113.5 65.1
1680183185.0 112.6 67.4
1680183186.0 92.2 67.9
1680183187.0 74.8 72.0
1680183188.0 74.1 66.3
1680183189.0 100.8 69.9
1680183190.0 87.5 68.7
1680183191.0 98.7 64.9
1680183192.0 99.7 68.0
1680183193.0 92.9 67.8
1680183194.0 81.4 65.2
1680183195.0 112.1 68.0
1680183196.0 107.8 65.7
1680183197.0 72.9 67.4
1680183198.0 77.9 69.6
1680183199.0 102.1 70.7
1680183200.0 84.5 63.2
1680183201.0 59.2 69.1
1680183202.0 55.4 71.5
1680183203.0 49.7 65.1
1680183204.0 53.7 78.1
1680183205.0 56.4 67.9
1680183206.0 55.5 68.3
1680183207.0 84.3 67.5
1680183208.0 92.7 76.8
1680183209.0 51.0 63.2
1680183210.0 68.4 68.0
1680183211.0 66.2 65.4
1680183212.0 49.7 71.4
1680183213.0 63.5 81.0
1680183214.0 53.6 122.4
1680183215.0 76.2 112.2
1680183216.0 68.7 73.5
1680183217.0 59.3 118.2
1680183218.0 67.6 127.5
1680183219.0 54.6 111.5
1680183220.0 61.1 81.7
1680183221.0 58.1 164.1
1680183222.0 50.6 119.7
1680183223.0 63.3 97.4
1680183224.0 51.8 74.4
1680183225.0 53.9 91.1
1680183226.0 62.5 107.1
1680183227.0 87.3 90.0
1680183228.0 75.6 72.4
1680183229.0 75.8 65.1
1680183230.0 67.6 63.3
1680183231.0 85.6 68.7
1680183232.0 66.9 73.3
1680183233.0 82.2 68.1
1680183234.0 94.4 70.7
1680183235.0 62.7 67.2
1680183236.0 95.5 64.2
1680183237.0 70.1 67.4
1680183238.0 96.8 69.2
1680183239.0 80.4 65.0
1680183240.0 98.8 72.4
1680183241.0 95.9 67.5
1680183242.0 78.9 72.3
1680183243.0 85.0 70.1
1680183244.0 73.2 67.9
1680183245.0 84.4 73.7
1680183246.0 98.6 70.1
1680183247.0 127.0 71.6
1680183248.0 114.5 66.2
1680183249.0 94.3 67.9
1680183250.0 100.6 68.8
1680183251.0 83.5 70.9
1680183252.0 98.7 70.8
1680183253.0 106.1 69.8
1680183254.0 96.6 69.3
1680183255.0 58.5 71.8
1680183256.0 70.4 70.2
1680183257.0 72.6 68.6
1680183258.0 70.1 67.6
1680183259.0 68.7 72.4
1680183260.0 95.3 69.0
1680183261.0 65.1 68.6
1680183262.0 72.1 72.2
1680183263.0 52.9 68.0
1680183264.0 99.3 68.5
1680183265.0 113.5 69.9
1680183266.0 99.7 75.9
1680183267.0 93.3 65.3
1680183268.0 78.4 68.5
1680183269.0 98.9 72.9
1680183270.0 101.4 69.0
1680183271.0 131.1 71.1
1680183272.0 81.9 64.8
1680183273.0 64.2 69.0
1680183274.0 66.2 71.2
1680183275.0 62.6 74.1
1680183276.0 80.1 66.9
1680183277.0 74.0 66.9
1680183278.0 115.1 65.9
1680183279.0 75.4 73.9
1680183280.0 74.0 66.8
1680183281.0 92.6 68.2
1680183282.0 95.0 74.9
1680183283.0 97.0 67.5
1680183284.0 79.1 69.4
1680183285.0 49.8 74.4
1680183286.0 68.8 65.8
1680183287.0 80.4 65.8
1680183288.0 97.2 69.6
1680183289.0 114.9 73.6
1680183290.0 76.0 68.9
1680183291.0 111.5 66.0
1680183292.0 89.6 68.6
1680183293.0 106.9 71.1
1680183294.0 79.1 67.1
1680183295.0 95.2 70.1
1680183296.0 85.7 71.4
1680183297.0 95.3 69.6
1680183298.0 98.7 65.2
1680183299.0 97.0 73.5
1680183300.0 87.8 67.3
1680183301.0 83.1 65.3
1680183302.0 94.1 67.6
1680183303.0 103.7 71.1
1680183304.0 90.9 64.5
1680183305.0 97.1 69.9
1680183306.0 98.8 67.8
1680183307.0 89.7 68.4
1680183308.0 73.3 65.2
1680183309.0 56.0 68.5
1680183310.0 54.5 68.3
1680183311.0 65.2 72.5
1680183312.0 52.5 98.0
1680183313.0 49.2 84.8
1680183314.0 61.6 84.9
1680183315.0 49.1 76.6
1680183316.0 53.2 78.9
1680183317.0 56.7 73.3
1680183318.0 55.1 102.2
1680183319.0 48.2 74.6
1680183320.0 71.4 71.4
1680183321.0 77.3 68.5
1680183322.0 57.6 70.1
1680183323.0 49.6 73.4
1680183324.0 75.0 67.2
1680183325.0 79.3 72.1
1680183326.0 76.0 73.4
1680183327.0 86.6 68.3
1680183328.0 78.8 71.1
1680183329.0 54.1 77.3
1680183330.0 51.2 90.7
1680183331.0 63.5 86.8
1680183332.0 83.3 68.0
1680183333.0 131.7 75.8
1680183334.0 80.9 70.5
1680183335.0 74.1 67.7
1680183336.0 91.5 74.3
1680183337.0 58.9 65.7
1680183338.0 51.8 74.7
1680183339.0 55.9 74.4
1680183340.0 96.6 73.2
1680183341.0 112.2 69.1
1680183342.0 113.2 71.3
1680183343.0 105.2 68.0
1680183344.0 92.9 66.3
1680183345.0 96.0 68.4
1680183346.0 83.0 73.4
1680183347.0 95.7 72.9
1680183348.0 85.0 67.3
1680183349.0 91.4 72.6
1680183350.0 130.8 69.2
1680183351.0 90.1 68.5
1680183352.0 75.8 71.8
1680183353.0 71.2 69.0
1680183354.0 113.6 70.3
1680183355.0 85.3 73.0
1680183356.0 74.4 69.2
1680183357.0 97.3 67.6
1680183358.0 96.3 71.2
1680183359.0 79.6 70.4
1680183360.0 118.6 75.8
1680183361.0 82.4 72.3
1680183362.0 94.4 71.1
1680183363.0 73.1 72.1
1680183364.0 85.9 75.2
1680183365.0 86.9 74.2
1680183366.0 80.2 70.8
1680183367.0 83.0 73.6
1680183368.0 82.6 71.2
1680183369.0 77.1 71.5
1680183370.0 96.7 73.7
1680183371.0 80.6 67.7
1680183372.0 67.4 68.9
1680183373.0 95.3 68.6
1680183374.0 103.4 69.4
1680183375.0 77.7 73.8
1680183376.0 93.1 71.2
1680183377.0 94.0 73.8
1680183378.0 101.0 72.8
1680183379.0 86.6 74.4
1680183380.0 97.7 75.3
1680183381.0 77.9 74.3
1680183382.0 70.9 70.6
1680183383.0 66.5 69.8
1680183384.0 65.6 68.6
1680183385.0 68.6 69.4
1680183386.0 60.8 69.0
1680183387.0 63.3 69.7
1680183388.0 68.8 69.2
1680183389.0 96.9 65.2
1680183390.0 93.0 74.7
1680183391.0 98.7 72.2
1680183392.0 69.1 74.6
1680183393.0 73.8 70.3
1680183394.0 92.1 68.9
1680183395.0 102.4 74.1
1680183396.0 95.6 69.9
1680183397.0 137.6 68.3
1680183398.0 104.3 68.5
1680183399.0 116.1 69.7
1680183400.0 94.9 67.8
1680183401.0 101.2 74.4
1680183402.0 103.9 70.0
1680183403.0 74.5 69.8
1680183404.0 84.0 70.8
1680183405.0 88.3 71.2
1680183406.0 98.1 69.5
1680183407.0 84.6 71.1
1680183408.0 80.6 69.5
1680183409.0 89.1 68.7
1680183410.0 86.9 72.9
1680183411.0 81.9 66.6
1680183412.0 70.7 68.0
1680183413.0 87.9 72.6
1680183414.0 78.9 70.4
1680183415.0 79.5 73.5
1680183416.0 77.3 71.4
1680183417.0 90.8 74.5
1680183418.0 83.9 71.3
1680183419.0 95.5 71.1
1680183420.0 76.5 71.5
1680183421.0 79.2 68.8
1680183422.0 84.3 73.2
1680183423.0 68.4 70.4
1680183424.0 72.8 74.6
1680183425.0 79.2 74.0
1680183426.0 88.6 72.4
1680183427.0 74.0 73.2
1680183428.0 95.5 69.9
1680183429.0 77.4 70.7
1680183430.0 74.7 64.2
1680183431.0 63.8 69.9
1680183432.0 75.0 68.8
1680183433.0 80.9 73.1
1680183434.0 72.0 72.5
1680183435.0 97.6 76.4
1680183436.0 57.2 69.5
1680183437.0 65.4 73.4
1680183438.0 61.0 70.2
1680183439.0 79.2 74.7
1680183440.0 76.7 68.0
1680183441.0 74.3 73.1
1680183442.0 75.3 70.1
1680183443.0 62.7 72.6
1680183444.0 66.4 68.5
1680183445.0 60.0 71.7
1680183446.0 58.3 73.4
1680183447.0 43.7 71.7
1680183448.0 54.7 71.7
1680183449.0 99.3 68.3
1680183450.0 75.4 73.8
1680183451.0 104.7 71.3
1680183452.0 108.8 71.0
1680183453.0 59.0 71.0
1680183454.0 97.3 71.9
1680183455.0 93.7 72.0
1680183456.0 87.7 68.7
1680183457.0 75.3 70.4
1680183458.0 85.5 73.3
1680183459.0 77.8 72.4
1680183460.0 85.3 65.8
1680183461.0 86.6 70.5
1680183462.0 52.1 77.1
1680183463.0 75.9 70.9
1680183464.0 69.6 70.1
1680183465.0 100.4 72.9
1680183466.0 107.6 71.3
1680183467.0 86.5 69.8
1680183468.0 88.9 73.1
1680183469.0 91.8 74.0
1680183470.0 76.3 68.7
1680183471.0 103.6 72.1
1680183472.0 76.9 77.0
1680183473.0 74.8 72.4
1680183474.0 108.6 74.1
1680183475.0 86.0 73.7
1680183476.0 97.6 69.2
1680183477.0 78.4 69.4
1680183478.0 108.4 75.1
1680183479.0 97.4 70.7
1680183480.0 87.3 72.4
1680183481.0 58.0 71.1
1680183482.0 65.3 72.9
1680183483.0 73.0 68.7
1680183484.0 88.6 70.5
1680183485.0 96.3 71.3
1680183486.0 78.0 67.5
1680183487.0 54.9 70.4
1680183488.0 79.1 74.5
1680183489.0 107.6 73.1
1680183490.0 92.6 70.7
1680183491.0 84.5 66.2
1680183492.0 97.2 70.7
1680183493.0 79.4 71.9
1680183494.0 90.3 68.5
1680183495.0 102.9 73.6
1680183496.0 100.6 69.3
1680183497.0 50.1 67.5
1680183498.0 59.1 72.8
1680183499.0 73.2 74.0
1680183500.0 81.0 75.5
1680183501.0 68.2 71.0
1680183502.0 98.4 73.1
1680183503.0 79.8 68.7
1680183504.0 92.4 68.3
1680183505.0 91.5 73.8
1680183506.0 82.6 68.1
1680183507.0 71.9 69.0
1680183508.0 103.5 69.9
1680183509.0 81.1 72.7
1680183510.0 94.7 74.7
1680183511.0 96.2 67.6
1680183512.0 70.1 71.0
1680183513.0 76.0 73.5
1680183514.0 96.8 73.1
1680183515.0 77.9 71.8
1680183516.0 92.8 71.9
1680183517.0 55.2 72.2
1680183518.0 75.3 69.5
1680183519.0 73.3 72.5
1680183520.0 79.3 70.0
1680183521.0 96.2 69.9
1680183522.0 78.7 72.0
1680183523.0 87.0 73.7
1680183524.0 80.9 66.0
1680183525.0 73.5 75.2
1680183526.0 92.7 71.6
1680183527.0 138.1 72.8
1680183528.0 93.4 72.5
1680183529.0 115.4 78.7
1680183530.0 123.9 68.8
1680183531.0 104.8 69.5
1680183532.0 92.0 72.4
1680183533.0 83.6 67.5
1680183534.0 68.8 70.4
1680183535.0 94.2 68.9
1680183536.0 78.7 73.2
1680183537.0 87.3 68.7
1680183538.0 73.9 79.6
1680183539.0 67.1 70.2
1680183540.0 65.4 73.4
1680183541.0 90.9 70.5
1680183542.0 95.0 75.0
1680183543.0 110.3 76.9
1680183544.0 56.2 72.3
1680183545.0 61.8 70.3
1680183546.0 87.1 69.1
1680183547.0 83.3 69.6
1680183548.0 106.2 69.5
1680183549.0 91.0 70.5
1680183550.0 94.0 69.3
1680183551.0 71.5 73.9
1680183552.0 127.0 70.9
1680183553.0 92.3 70.0
1680183554.0 99.5 72.1
1680183555.0 86.2 71.5
1680183556.0 100.6 68.3
1680183557.0 80.4 71.2
1680183558.0 99.8 72.9
1680183559.0 104.8 72.7
1680183560.0 96.8 70.3
1680183561.0 67.5 72.5
1680183562.0 76.6 71.7
1680183563.0 73.3 71.8
1680183564.0 59.4 72.9
1680183565.0 80.1 68.9
1680183566.0 73.7 73.0
1680183567.0 82.7 67.8
1680183568.0 92.6 70.8
1680183569.0 74.9 68.2
1680183570.0 78.6 74.1
1680183571.0 91.6 71.7
1680183572.0 85.6 73.8
1680183573.0 64.5 73.4
1680183574.0 106.4 72.5
1680183575.0 76.6 74.3
1680183576.0 108.4 69.3
1680183577.0 93.5 76.0
1680183578.0 111.8 68.2
1680183579.0 79.3 70.7
1680183580.0 94.3 69.3
1680183581.0 102.3 76.0
1680183582.0 91.7 73.5
1680183583.0 92.2 73.2
1680183584.0 82.1 75.5
1680183585.0 58.1 69.7
1680183586.0 77.1 70.9
1680183587.0 79.7 71.3
1680183588.0 74.1 74.8
1680183589.0 82.1 67.6
1680183590.0 69.6 69.5
1680183591.0 82.4 73.1
1680183592.0 91.5 72.9
1680183593.0 121.0 71.6
1680183594.0 84.1 68.5
1680183595.0 95.0 70.7
1680183596.0 75.3 71.8
1680183597.0 76.8 70.1
1680183598.0 91.7 76.0
1680183599.0 90.4 71.1
1680183600.0 92.1 71.2
1680183601.0 103.5 70.5
1680183602.0 82.2 75.0
1680183603.0 92.2 72.5
1680183604.0 74.6 71.6
1680183605.0 88.5 75.8
1680183606.0 84.5 69.9
1680183607.0 80.3 75.7
1680183608.0 72.7 71.4
1680183609.0 83.5 75.2
1680183610.0 53.9 70.0
1680183611.0 84.4 71.3
1680183612.0 75.7 68.3
1680183613.0 71.7 72.5
1680183614.0 68.1 66.0
1680183615.0 77.8 72.1
1680183616.0 69.1 74.7
1680183617.0 65.5 70.6
1680183618.0 69.0 72.3
1680183619.0 58.1 70.4
1680183620.0 64.3 68.8
1680183621.0 78.9 71.1
1680183622.0 88.6 70.0
1680183623.0 69.9 73.0
1680183624.0 102.3 73.2
1680183625.0 85.7 69.7
1680183626.0 75.6 73.1
1680183627.0 85.7 71.7
1680183628.0 74.1 69.0
1680183629.0 80.6 71.3
1680183630.0 76.1 74.5
1680183631.0 65.6 69.7
1680183632.0 79.5 68.3
1680183633.0 106.1 73.3
1680183634.0 94.9 68.5
1680183635.0 77.2 69.6
1680183636.0 79.6 71.1
1680183637.0 72.2 76.4
1680183638.0 75.5 69.4
1680183639.0 76.8 72.7
1680183640.0 76.0 71.1
1680183641.0 80.1 73.3
1680183642.0 83.3 67.7
1680183643.0 69.8 72.7
1680183644.0 60.5 72.6
1680183645.0 82.4 73.8
1680183646.0 72.5 75.2
1680183647.0 96.3 69.6
1680183648.0 83.0 71.1
1680183649.0 81.9 69.6
1680183650.0 83.6 72.4
1680183651.0 71.3 69.4
1680183652.0 80.1 70.1
1680183653.0 94.8 72.8
1680183654.0 90.3 74.8
1680183655.0 73.6 73.1
1680183656.0 72.6 75.4
1680183657.0 84.0 67.7
1680183658.0 83.5 69.7
1680183659.0 80.4 70.6
1680183660.0 79.5 75.2
1680183661.0 90.3 74.9
1680183662.0 72.2 73.8
1680183663.0 76.4 72.3
1680183664.0 89.7 73.5
1680183665.0 98.1 70.1
1680183666.0 77.2 65.8
1680183667.0 88.0 71.4
1680183668.0 85.0 71.5
1680183669.0 87.3 71.3
1680183670.0 88.1 69.7
1680183671.0 85.4 72.1
1680183672.0 100.5 70.1
1680183673.0 90.1 68.1
1680183674.0 93.3 70.6
1680183675.0 94.1 72.7
1680183676.0 95.4 71.1
1680183677.0 75.2 69.5
1680183678.0 78.4 72.4
1680183679.0 77.9 73.4
1680183680.0 79.1 74.5
1680183681.0 68.1 66.2
1680183682.0 82.7 71.7
1680183683.0 85.8 69.9
1680183684.0 87.8 74.1
1680183685.0 57.4 70.1
1680183686.0 66.5 111.9
1680183687.0 62.9 150.9
1680183688.0 58.8 118.7
1680183689.0 59.2 91.2
1680183690.0 63.7 72.9
1680183691.0 65.3 74.2
1680183692.0 57.1 69.7
1680183693.0 60.5 73.3
1680183694.0 48.9 71.3
1680183695.0 64.2 73.4
1680183696.0 85.8 69.0
1680183697.0 51.2 73.8
1680183698.0 80.5 72.5
1680183699.0 58.2 74.3
1680183700.0 60.0 73.6
1680183701.0 76.3 76.7
1680183702.0 65.2 71.1
1680183703.0 91.9 70.6
1680183704.0 90.1 68.3
1680183705.0 88.3 71.9
1680183706.0 59.0 75.4
1680183707.0 64.6 65.9
1680183708.0 71.7 73.1
1680183709.0 97.2 70.5
1680183710.0 69.6 70.3
1680183711.0 77.7 69.8
1680183712.0 95.5 71.4
1680183713.0 109.6 71.0
1680183714.0 90.4 71.3
1680183715.0 87.1 70.6
1680183716.0 84.2 69.8
1680183717.0 57.8 74.5
1680183718.0 88.1 70.8
1680183719.0 93.7 69.3
1680183720.0 92.2 66.4
1680183721.0 106.3 69.5
1680183722.0 79.6 64.4
1680183723.0 97.5 68.3
1680183724.0 73.9 67.4
1680183725.0 90.8 71.3
1680183726.0 96.0 71.1
1680183727.0 101.9 70.8
1680183728.0 96.1 67.5
1680183729.0 120.8 66.6
1680183730.0 86.0 74.0
1680183731.0 87.2 70.6
1680183732.0 62.3 70.4
1680183733.0 75.9 67.5
1680183734.0 53.6 100.0
1680183735.0 47.9 112.5
1680183736.0 55.7 80.4
1680183737.0 65.5 66.9
1680183738.0 73.6 69.2
1680183739.0 63.4 68.3
1680183740.0 68.1 68.6
1680183741.0 102.9 69.5
1680183742.0 99.1 71.1
1680183743.0 92.2 67.4
1680183744.0 76.6 72.6
1680183745.0 84.4 68.1
1680183746.0 76.1 72.9
1680183747.0 85.3 72.9
1680183748.0 96.9 73.1
1680183749.0 127.5 74.0
1680183750.0 90.1 66.0
1680183751.0 71.8 68.6
1680183752.0 71.0 66.9
1680183753.0 91.3 72.1
1680183754.0 99.9 71.4
1680183755.0 96.1 69.8
1680183756.0 106.5 72.1
1680183757.0 121.8 74.1
1680183758.0 104.4 68.6
1680183759.0 100.3 73.3
1680183760.0 115.4 67.8
1680183761.0 81.8 72.1
1680183762.0 99.2 68.5
1680183763.0 97.4 73.3
1680183764.0 114.7 65.8
1680183765.0 109.1 64.5
1680183766.0 105.1 71.4
1680183767.0 78.8 67.1
1680183768.0 90.0 68.3
1680183769.0 86.2 72.9
1680183770.0 79.0 67.7
1680183771.0 98.5 68.1
1680183772.0 80.5 68.1
1680183773.0 100.1 71.5
1680183774.0 96.3 67.8
1680183775.0 111.6 71.7
1680183776.0 92.5 81.9
1680183777.0 83.4 72.8
1680183778.0 71.6 70.4
1680183779.0 47.1 86.5
1680183780.0 77.4 68.4
1680183781.0 71.8 68.1
1680183782.0 65.0 66.5
1680183783.0 82.6 69.8
1680183784.0 81.0 71.9
1680183785.0 128.5 72.8
1680183786.0 119.1 67.3
1680183787.0 80.1 70.2
1680183788.0 90.2 69.6
1680183789.0 92.0 69.0
1680183790.0 86.0 66.3
1680183791.0 95.9 68.9
1680183792.0 92.6 68.0
1680183793.0 87.9 69.9
1680183794.0 102.9 70.1
1680183795.0 97.0 66.5
1680183796.0 96.2 66.7
1680183797.0 92.3 70.3
1680183798.0 86.2 72.2
1680183799.0 141.1 66.4
1680183800.0 115.2 74.3
1680183801.0 105.1 67.8
1680183802.0 90.6 69.3
1680183803.0 111.8 67.4
1680183804.0 57.4 72.2
1680183805.0 59.8 70.6
1680183806.0 78.5 67.4
1680183807.0 81.1 70.0
1680183808.0 74.6 66.7
1680183809.0 82.0 73.5
1680183810.0 82.7 71.6
1680183811.0 117.1 71.1
1680183812.0 122.4 66.4
1680183813.0 128.0 66.7
1680183814.0 95.0 70.3
1680183815.0 94.6 65.8
1680183816.0 97.4 64.4
1680183817.0 68.1 72.4
1680183818.0 101.5 69.2
1680183819.0 70.4 67.2
1680183820.0 76.7 69.0
1680183821.0 91.3 70.7
1680183822.0 83.9 67.0
1680183823.0 80.7 62.6
1680183824.0 62.6 70.8
1680183825.0 74.4 68.1
1680183826.0 54.5 70.1
1680183827.0 67.7 68.1
1680183828.0 82.3 72.9
1680183829.0 87.9 71.5
1680183830.0 113.4 65.2
1680183831.0 93.8 68.4
1680183832.0 90.1 65.1
1680183833.0 91.7 69.3
1680183834.0 120.9 68.3
1680183835.0 72.0 66.3
1680183836.0 86.0 67.7
1680183837.0 114.4 68.2
1680183838.0 111.8 69.2
1680183839.0 118.9 70.0
1680183840.0 90.8 68.0
1680183841.0 86.2 72.9
1680183842.0 75.6 69.7
1680183843.0 97.2 66.4
1680183844.0 103.8 68.4
1680183845.0 77.7 70.6
1680183846.0 101.8 69.1
1680183847.0 99.6 68.8
1680183848.0 98.3 69.3
1680183849.0 97.4 68.6
1680183850.0 97.9 69.8
1680183851.0 115.3 73.1
1680183852.0 100.3 67.4
1680183853.0 81.6 62.7
1680183854.0 87.2 74.1
1680183855.0 76.9 67.0
1680183856.0 98.4 68.1
1680183857.0 97.7 67.9
1680183858.0 63.8 72.2
1680183859.0 68.4 65.7
1680183860.0 78.7 67.4
1680183861.0 66.1 73.0
1680183862.0 61.1 71.0
1680183863.0 67.5 68.9
1680183864.0 71.0 69.5
1680183865.0 97.0 70.1
1680183866.0 68.7 68.4
1680183867.0 121.7 71.8
1680183868.0 92.7 69.8
1680183869.0 90.4 69.3
1680183870.0 85.8 67.8
1680183871.0 89.7 71.3
1680183872.0 114.8 66.1
1680183873.0 93.9 68.9
1680183874.0 112.5 70.6
1680183875.0 110.5 65.3
1680183876.0 61.5 68.4
1680183877.0 68.6 67.8
1680183878.0 51.6 76.0
1680183879.0 51.0 70.0
1680183880.0 58.1 70.0
1680183881.0 51.1 67.9
1680183882.0 63.1 71.0
1680183883.0 54.0 65.9
1680183884.0 71.8 70.6
1680183885.0 100.8 72.3
1680183886.0 111.8 67.4
1680183887.0 82.6 71.0
1680183888.0 79.5 68.1
1680183889.0 76.5 66.3
1680183890.0 91.3 67.3
1680183891.0 92.6 71.3
1680183892.0 67.4 65.6
1680183893.0 63.4 67.7
1680183894.0 56.3 66.2
1680183895.0 48.8 71.7
1680183896.0 70.0 65.9
1680183897.0 68.7 69.3
1680183898.0 82.7 70.0
1680183899.0 86.9 68.8
1680183900.0 71.7 68.2
1680183901.0 48.3 66.8
1680183902.0 51.1 71.4
1680183903.0 87.1 63.6
1680183904.0 82.3 70.4
1680183905.0 70.7 67.9
1680183906.0 58.0 68.9
1680183907.0 64.9 64.7
1680183908.0 58.3 87.0
1680183909.0 61.3 100.1
1680183910.0 58.8 80.5
1680183911.0 61.4 85.8
1680183912.0 59.5 79.2
1680183913.0 59.0 68.7
1680183914.0 74.5 66.3
1680183915.0 59.7 72.3
1680183916.0 75.4 69.8
1680183917.0 94.8 73.6
1680183918.0 101.0 71.0
1680183919.0 124.0 71.0
1680183920.0 82.2 69.0
1680183921.0 106.5 68.8
1680183922.0 99.5 67.1
1680183923.0 80.6 64.9
1680183924.0 112.2 64.6
1680183925.0 99.3 70.3
1680183926.0 85.7 69.4
1680183927.0 130.2 70.2
1680183928.0 80.1 71.3
1680183929.0 81.8 69.0
1680183930.0 80.6 68.7
1680183931.0 71.4 64.7
1680183932.0 92.5 67.6
1680183933.0 79.3 66.6
1680183934.0 103.4 67.9
1680183935.0 68.0 73.1
1680183936.0 57.2 72.9
1680183937.0 51.7 67.3
1680183938.0 63.7 70.1
1680183939.0 56.2 68.2
1680183940.0 48.7 70.5
1680183941.0 82.0 73.2
1680183942.0 52.6 68.5
1680183943.0 80.6 70.0
1680183944.0 112.3 66.8
1680183945.0 139.1 69.4
1680183946.0 100.5 69.3
1680183947.0 87.3 69.7
1680183948.0 79.1 67.2
1680183949.0 89.9 70.7
1680183950.0 92.7 65.9
1680183951.0 99.6 67.8
1680183952.0 64.1 72.2
1680183953.0 83.6 67.5
1680183954.0 84.6 72.9
1680183955.0 74.0 68.3
1680183956.0 97.1 68.8
1680183957.0 94.0 66.1
1680183958.0 88.5 70.3
1680183959.0 82.0 71.2
1680183960.0 67.7 71.1
1680183961.0 79.1 67.0
1680183962.0 76.2 74.7
1680183963.0 106.8 69.2
1680183964.0 81.2 67.0
1680183965.0 135.4 69.1
1680183966.0 117.5 76.2
1680183967.0 91.9 70.2
1680183968.0 65.4 69.6
1680183969.0 86.7 75.9
1680183970.0 117.2 69.5
1680183971.0 96.0 69.6
1680183972.0 93.9 71.2
1680183973.0 97.0 70.6
1680183974.0 95.5 65.3
1680183975.0 95.3 70.8
1680183976.0 107.5 65.7
1680183977.0 77.7 70.7
1680183978.0 84.4 67.3
1680183979.0 67.5 71.6
1680183980.0 49.0 69.2
1680183981.0 53.0 96.0
1680183982.0 52.9 73.6
1680183983.0 67.5 70.8
1680183984.0 71.9 67.4
1680183985.0 78.6 72.3
1680183986.0 70.4 69.3
1680183987.0 57.4 70.7
1680183988.0 67.3 68.4
1680183989.0 85.6 71.3
1680183990.0 86.2 69.7
1680183991.0 91.2 67.9
1680183992.0 81.9 66.2
1680183993.0 78.8 67.0
1680183994.0 119.8 71.3
1680183995.0 103.2 73.6
1680183996.0 100.2 68.9
1680183997.0 103.7 68.2
1680183998.0 70.2 66.6
1680183999.0 72.0 70.5
1680184000.0 89.0 68.9
1680184001.0 81.7 73.1
1680184002.0 87.8 69.8
1680184003.0 82.1 74.9
1680184004.0 69.3 66.0
1680184005.0 76.1 66.7
1680184006.0 96.9 69.1
1680184007.0 89.4 68.8
1680184008.0 83.3 69.4
1680184009.0 100.4 68.8
1680184010.0 112.8 71.6
1680184011.0 102.2 64.3
1680184012.0 90.9 67.5
1680184013.0 83.9 73.9
1680184014.0 83.7 70.1
1680184015.0 86.0 68.7
1680184016.0 89.0 70.3
1680184017.0 100.3 69.0
1680184018.0 116.1 70.2
1680184019.0 107.3 71.3
1680184020.0 79.1 71.4
1680184021.0 90.5 69.6
1680184022.0 98.4 72.0
1680184023.0 75.0 71.4
1680184024.0 112.3 65.8
1680184025.0 93.4 73.4
1680184026.0 93.9 70.9
1680184027.0 106.8 69.4
1680184028.0 85.5 66.5
1680184029.0 83.5 73.3
1680184030.0 114.8 69.2
1680184031.0 89.1 66.9
1680184032.0 115.0 65.1
1680184033.0 92.3 68.6
1680184034.0 91.9 65.4
1680184035.0 93.0 67.7
1680184036.0 77.5 71.9
1680184037.0 96.3 64.1
1680184038.0 113.1 71.9
1680184039.0 90.4 74.5
1680184040.0 85.4 67.1
1680184041.0 65.2 68.1
1680184042.0 50.9 69.1
1680184043.0 67.3 113.7
1680184044.0 49.2 90.8
1680184045.0 53.7 68.8
1680184046.0 115.1 69.8
1680184047.0 81.3 63.4
1680184048.0 78.3 67.5
1680184049.0 71.3 70.6
1680184050.0 63.9 73.4
1680184051.0 75.5 71.9
1680184052.0 92.5 66.7
1680184053.0 84.6 69.1
1680184054.0 113.0 64.7
1680184055.0 99.1 68.6
1680184056.0 92.7 69.8
1680184057.0 91.7 73.9
1680184058.0 86.4 67.0
1680184059.0 86.3 68.2
1680184060.0 103.6 70.0
1680184061.0 104.7 67.1
1680184062.0 102.8 66.6
1680184063.0 76.7 69.5
1680184064.0 74.5 71.8
1680184065.0 96.3 66.3
1680184066.0 96.3 68.6
1680184067.0 83.6 70.3
1680184068.0 83.9 68.7
1680184069.0 75.3 69.2
1680184070.0 74.2 69.7
1680184071.0 88.0 66.6
1680184072.0 102.6 70.5
1680184073.0 91.6 68.6
1680184074.0 89.9 68.7
1680184075.0 76.6 70.7
1680184076.0 78.1 63.9
1680184077.0 76.3 68.2
1680184078.0 92.9 71.7
1680184079.0 92.7 68.6
1680184080.0 74.3 71.8
1680184081.0 93.5 65.0
1680184082.0 97.5 67.3
1680184083.0 79.6 68.2
1680184084.0 83.4 67.3
1680184085.0 75.5 68.3
1680184086.0 115.0 64.8
1680184087.0 88.6 74.9
1680184088.0 96.5 64.6
1680184089.0 86.0 113.3
1680184090.0 66.6 102.8
1680184091.0 54.2 136.6
1680184092.0 60.5 98.8
1680184093.0 65.1 71.2
1680184094.0 50.3 75.2
1680184095.0 75.6 64.8
1680184096.0 65.5 68.9
1680184097.0 62.9 71.3
1680184098.0 79.4 74.3
1680184099.0 60.8 65.0
1680184100.0 113.1 70.1
1680184101.0 92.0 73.1
1680184102.0 93.3 69.7
1680184103.0 79.0 64.9
1680184104.0 85.5 71.6
1680184105.0 81.1 69.7
1680184106.0 108.7 67.3
1680184107.0 99.6 68.2
1680184108.0 120.8 71.5
1680184109.0 105.3 69.9
1680184110.0 89.2 69.4
1680184111.0 101.7 74.3
1680184112.0 90.0 68.8
1680184113.0 61.7 66.0
1680184114.0 74.2 64.8
1680184115.0 50.3 78.2
1680184116.0 62.2 67.7
1680184117.0 82.9 67.1
1680184118.0 75.6 70.8
1680184119.0 82.6 66.0
1680184120.0 79.6 68.1
1680184121.0 83.0 69.6
1680184122.0 83.5 65.1
1680184123.0 81.1 67.1
1680184124.0 71.8 72.3
1680184125.0 97.8 69.2
1680184126.0 133.4 71.8
1680184127.0 115.6 65.7
1680184128.0 109.4 74.0
1680184129.0 118.7 60.4
1680184130.0 107.7 66.3
1680184131.0 79.2 69.1
1680184132.0 84.2 68.2
1680184133.0 72.8 66.2
1680184134.0 100.5 67.6
1680184135.0 87.0 70.6
1680184136.0 86.5 64.4
1680184137.0 85.3 74.6
1680184138.0 58.7 68.3
1680184139.0 88.4 70.0
1680184140.0 91.9 67.9
1680184141.0 83.2 71.5
1680184142.0 68.3 64.7
1680184143.0 63.4 71.1
1680184144.0 69.7 68.9
1680184145.0 92.5 67.7
1680184146.0 75.4 69.2
1680184147.0 77.7 71.2
1680184148.0 86.4 70.2
1680184149.0 86.5 67.9
1680184150.0 114.5 70.1
1680184151.0 83.5 69.6
1680184152.0 85.7 68.9
1680184153.0 93.4 68.8
1680184154.0 116.9 66.9
1680184155.0 83.9 67.3
1680184156.0 85.4 67.1
1680184157.0 95.0 67.9
1680184158.0 95.1 72.8
1680184159.0 76.1 71.2
1680184160.0 70.0 68.6
1680184161.0 74.9 69.1
1680184162.0 81.2 70.0
1680184163.0 77.3 69.4
1680184164.0 109.0 68.2
1680184165.0 81.0 67.3
1680184166.0 103.4 65.8
1680184167.0 77.6 68.2
1680184168.0 81.3 69.9
1680184169.0 82.0 71.4
1680184170.0 85.1 68.4
1680184171.0 87.2 68.8
1680184172.0 90.2 70.6
1680184173.0 104.7 69.0
1680184174.0 69.7 69.0
1680184175.0 85.8 67.7
1680184176.0 80.9 71.0
1680184177.0 86.3 69.8
1680184178.0 79.5 70.2
1680184179.0 74.2 69.9
1680184180.0 75.0 71.7
1680184181.0 67.6 68.8
1680184182.0 77.3 71.5
1680184183.0 77.1 69.6
1680184184.0 77.8 68.5
1680184185.0 78.3 68.5
1680184186.0 57.2 70.1
1680184187.0 66.0 68.5
1680184188.0 77.5 69.0
1680184189.0 77.2 67.1
1680184190.0 62.7 65.0
1680184191.0 65.9 71.0
1680184192.0 81.0 69.0
1680184193.0 67.2 65.8
1680184194.0 61.4 70.7
1680184195.0 70.5 69.3
1680184196.0 61.7 62.3
1680184197.0 65.1 65.4
1680184198.0 71.1 68.2
1680184199.0 76.4 68.3
1680184200.0 60.4 66.6
1680184201.0 69.0 64.6
1680184202.0 65.1 65.5
1680184203.0 71.0 66.6
1680184204.0 69.5 68.1
1680184205.0 71.4 68.2
1680184206.0 68.8 68.6
1680184207.0 76.8 63.9
1680184208.0 84.5 70.9
1680184209.0 77.2 64.7
1680184210.0 61.3 66.4
1680184211.0 79.1 70.8
1680184212.0 77.4 69.1
1680184213.0 72.2 68.1
1680184214.0 105.0 64.7
1680184215.0 70.5 68.8
1680184216.0 74.7 65.0
1680184217.0 81.2 69.2
1680184218.0 77.4 68.4
1680184219.0 68.3 66.5
1680184220.0 79.3 65.7
1680184221.0 76.8 66.7
1680184222.0 72.1 69.4
1680184223.0 85.3 69.2
1680184224.0 68.8 69.5
1680184225.0 72.2 70.4
1680184226.0 70.5 69.0
1680184227.0 97.6 68.4
1680184228.0 78.2 67.8
1680184229.0 86.6 66.7
1680184230.0 85.8 66.4
1680184231.0 78.8 65.3
1680184232.0 70.7 68.7
1680184233.0 67.1 68.5
1680184234.0 84.0 66.9
1680184235.0 84.3 64.6
1680184236.0 98.2 70.6
1680184237.0 75.2 64.0
1680184238.0 83.7 70.7
1680184239.0 82.6 68.9
1680184240.0 84.9 66.9
1680184241.0 97.9 70.2
1680184242.0 91.4 65.4
1680184243.0 94.9 72.0
1680184244.0 77.3 62.9
1680184245.0 88.0 71.1
1680184246.0 71.8 64.6
1680184247.0 78.4 70.5
1680184248.0 71.4 68.1
1680184249.0 86.8 74.5
1680184250.0 67.0 65.5
1680184251.0 67.0 68.9
1680184252.0 64.2 65.4
1680184253.0 74.7 67.1
1680184254.0 69.4 66.5
1680184255.0 68.1 67.7
1680184256.0 70.2 67.0
1680184257.0 87.1 61.0
1680184258.0 80.7 71.8
1680184259.0 65.0 63.5
1680184260.0 70.9 67.9
1680184261.0 73.2 63.6
1680184262.0 75.1 70.4
1680184263.0 68.8 69.3
1680184264.0 65.7 62.7
1680184265.0 59.7 71.0
1680184266.0 94.2 68.7
1680184267.0 93.9 68.4
1680184268.0 84.9 72.2
1680184269.0 87.9 64.3
1680184270.0 57.6 65.5
1680184271.0 72.3 69.8
1680184272.0 87.3 69.3
1680184273.0 80.9 69.9
1680184274.0 72.9 67.7
1680184275.0 69.3 68.9
1680184276.0 57.9 66.0
1680184277.0 65.1 67.0
1680184278.0 69.4 67.0
1680184279.0 74.0 68.7
1680184280.0 59.8 64.3
1680184281.0 83.5 69.8
1680184282.0 72.6 67.7
1680184283.0 66.2 66.8
1680184284.0 79.0 67.5
1680184285.0 70.2 66.0
1680184286.0 99.6 66.2
1680184287.0 72.8 63.4
1680184288.0 60.1 68.7
1680184289.0 50.9 68.4
1680184290.0 46.5 64.4
1680184291.0 57.6 84.3
1680184292.0 58.3 109.0
1680184293.0 62.8 97.5
1680184294.0 60.1 74.0
1680184295.0 64.1 68.8
1680184296.0 66.0 71.7
1680184297.0 67.2 71.8
1680184298.0 61.3 72.9
1680184299.0 66.6 73.3
1680184300.0 78.9 71.6
1680184301.0 75.7 65.2
1680184302.0 75.0 67.9
1680184303.0 59.0 68.0
1680184304.0 54.4 67.7
1680184305.0 71.2 68.5
1680184306.0 77.2 72.3
1680184307.0 85.4 66.1
1680184308.0 71.1 71.2
1680184309.0 61.9 68.8
1680184310.0 114.9 69.9
1680184311.0 89.0 65.4
1680184312.0 101.7 72.4
1680184313.0 68.3 70.5
1680184314.0 62.2 69.4
1680184315.0 60.0 66.1
1680184316.0 106.4 68.8
1680184317.0 72.2 67.0
1680184318.0 78.8 72.9
1680184319.0 75.0 69.9
1680184320.0 102.1 68.5
1680184321.0 102.7 68.2
1680184322.0 103.6 70.4
1680184323.0 111.9 67.7
1680184324.0 127.3 73.4
1680184325.0 90.8 71.1
1680184326.0 90.6 65.7
1680184327.0 83.2 68.8
1680184328.0 62.6 62.4
1680184329.0 74.4 71.7
1680184330.0 79.0 66.3
1680184331.0 46.4 66.1
1680184332.0 79.5 68.9
1680184333.0 53.2 74.0
1680184334.0 61.7 96.0
1680184335.0 63.1 68.6
1680184336.0 71.0 73.1
1680184337.0 71.9 69.7
1680184338.0 79.1 68.1
1680184339.0 96.1 68.0
1680184340.0 89.4 70.6
1680184341.0 125.6 65.6
1680184342.0 85.9 67.6
1680184343.0 73.5 66.7
1680184344.0 105.0 66.2
1680184345.0 57.1 70.4
1680184346.0 68.4 67.6
1680184347.0 74.5 69.0
1680184348.0 94.4 68.4
1680184349.0 75.3 70.4
1680184350.0 95.8 62.9
1680184351.0 107.9 70.0
1680184352.0 86.1 70.9
1680184353.0 118.7 69.0
1680184354.0 94.3 67.7
1680184355.0 78.3 71.4
1680184356.0 90.7 70.8
1680184357.0 70.0 145.4
1680184358.0 62.4 148.2
1680184359.0 52.4 106.9
1680184360.0 56.8 116.3
1680184361.0 50.7 101.9
1680184362.0 51.5 90.0
1680184363.0 53.9 109.5
1680184364.0 58.2 83.7
1680184365.0 55.2 92.0
1680184366.0 50.6 121.0
1680184367.0 63.9 92.8
1680184368.0 59.7 108.9
1680184369.0 56.1 78.9
1680184370.0 60.8 73.6
1680184371.0 52.6 69.8
1680184372.0 74.5 70.7
1680184373.0 58.9 68.2
1680184374.0 88.4 70.8
1680184375.0 71.9 68.9
1680184376.0 93.0 65.6
1680184377.0 60.7 66.0
1680184378.0 52.6 67.2
1680184379.0 88.9 71.4
1680184380.0 77.5 68.4
1680184381.0 72.0 68.4
1680184382.0 52.5 71.3
1680184383.0 60.3 67.9
1680184384.0 108.6 66.9
1680184385.0 88.4 69.8
1680184386.0 123.7 68.7
1680184387.0 137.5 70.3
1680184388.0 128.5 65.5
1680184389.0 87.8 70.9
1680184390.0 100.2 71.4
1680184391.0 96.5 66.5
1680184392.0 105.1 74.7
1680184393.0 68.2 65.5
1680184394.0 59.8 69.2
1680184395.0 56.7 70.7
1680184396.0 85.3 66.0
1680184397.0 79.6 71.5
1680184398.0 74.5 71.3
1680184399.0 111.7 71.5
1680184400.0 82.7 71.5
1680184401.0 105.1 69.3
1680184402.0 77.5 67.4
1680184403.0 82.9 70.0
1680184404.0 74.4 66.2
1680184405.0 46.3 69.7
1680184406.0 62.3 68.6
1680184407.0 104.2 69.0
1680184408.0 103.6 69.8
1680184409.0 78.3 69.6
1680184410.0 66.6 71.3
1680184411.0 107.4 69.8
1680184412.0 93.5 74.9
1680184413.0 113.9 67.2
1680184414.0 95.3 68.3
1680184415.0 98.2 72.5
1680184416.0 119.6 69.7
1680184417.0 78.9 65.6
1680184418.0 81.6 71.9
1680184419.0 50.8 68.1
1680184420.0 68.4 66.2
1680184421.0 83.9 72.7
1680184422.0 109.9 65.0
1680184423.0 86.2 68.0
1680184424.0 85.5 64.6
1680184425.0 70.5 66.5
1680184426.0 76.2 66.6
1680184427.0 96.7 70.8
1680184428.0 83.7 66.5
1680184429.0 85.5 68.1
1680184430.0 52.7 63.8
1680184431.0 76.6 71.8
1680184432.0 118.8 71.2
1680184433.0 107.8 68.9
1680184434.0 110.1 69.1
1680184435.0 73.6 69.7
1680184436.0 82.5 67.7
1680184437.0 78.2 68.8
1680184438.0 102.3 75.1
1680184439.0 85.2 68.2
1680184440.0 91.1 68.1
1680184441.0 58.6 70.5
1680184442.0 83.2 69.0
1680184443.0 103.1 68.7
1680184444.0 78.2 70.3
1680184445.0 127.8 67.6
1680184446.0 87.5 62.8
1680184447.0 99.2 72.7
1680184448.0 105.3 65.4
1680184449.0 81.3 67.6
1680184450.0 90.8 68.2
1680184451.0 86.7 75.0
1680184452.0 86.9 70.5
1680184453.0 83.5 70.8
1680184454.0 96.4 70.7
1680184455.0 92.9 63.7
1680184456.0 93.4 71.7
1680184457.0 84.7 69.1
1680184458.0 83.8 68.8
1680184459.0 97.6 70.2
1680184460.0 58.1 95.8
1680184461.0 57.1 67.4
1680184462.0 58.5 73.7
1680184463.0 53.8 67.3
1680184464.0 70.7 66.5
1680184465.0 106.0 63.4
1680184466.0 90.3 67.7
1680184467.0 75.0 73.9
1680184468.0 103.2 66.7
1680184469.0 89.6 67.2
1680184470.0 68.5 71.8
1680184471.0 83.6 66.7
1680184472.0 92.2 68.0
1680184473.0 95.9 71.4
1680184474.0 93.7 70.5
1680184475.0 95.6 62.8
1680184476.0 70.4 70.5
1680184477.0 98.0 70.3
1680184478.0 80.1 66.0
1680184479.0 115.9 69.0
1680184480.0 107.6 73.5
1680184481.0 108.0 65.8
1680184482.0 101.8 73.0
1680184483.0 90.3 65.7
1680184484.0 77.4 64.2
1680184485.0 88.0 63.4
1680184486.0 100.6 69.0
1680184487.0 106.2 68.4
1680184488.0 72.9 71.0
1680184489.0 112.4 62.3
1680184490.0 100.7 70.8
1680184491.0 95.2 69.3
1680184492.0 82.0 65.0
1680184493.0 110.9 68.4
1680184494.0 89.1 68.1
1680184495.0 86.7 69.5
1680184496.0 70.6 73.6
1680184497.0 79.1 71.8
1680184498.0 43.8 68.6
1680184499.0 95.6 69.9
1680184500.0 55.3 70.8
1680184501.0 76.9 68.1
1680184502.0 92.0 66.7
1680184503.0 79.5 67.5
1680184504.0 77.4 67.7
1680184505.0 105.5 65.2
1680184506.0 85.8 67.0
1680184507.0 87.7 67.1
1680184508.0 85.3 69.8
1680184509.0 106.4 67.3
1680184510.0 98.1 67.2
1680184511.0 95.3 67.5
1680184512.0 101.2 71.6
1680184513.0 103.3 73.8
1680184514.0 76.4 66.9
1680184515.0 88.9 64.8
1680184516.0 93.4 68.1
1680184517.0 82.6 64.3
1680184518.0 80.9 66.2
1680184519.0 100.2 72.8
1680184520.0 82.0 64.0
1680184521.0 71.6 67.2
1680184522.0 65.0 64.7
1680184523.0 55.6 73.6
1680184524.0 65.2 64.8
1680184525.0 69.1 70.4
1680184526.0 102.8 65.7
1680184527.0 82.0 68.6
1680184528.0 113.1 68.6
1680184529.0 111.0 66.2
1680184530.0 71.4 71.2
1680184531.0 82.4 69.3
1680184532.0 106.7 68.9
1680184533.0 105.0 63.7
1680184534.0 105.3 68.1
1680184535.0 65.9 67.3
1680184536.0 89.0 69.1
1680184537.0 92.4 70.6
1680184538.0 79.3 69.5
1680184539.0 94.3 70.2
1680184540.0 88.1 64.4
1680184541.0 81.7 68.1
1680184542.0 80.9 70.0
1680184543.0 76.9 71.4
1680184544.0 90.4 66.7
1680184545.0 95.6 74.5
1680184546.0 93.4 64.2
1680184547.0 90.8 68.1
1680184548.0 75.4 68.6
1680184549.0 67.7 73.2
1680184550.0 67.5 67.3
1680184551.0 63.2 68.7
1680184552.0 57.3 70.2
1680184553.0 65.6 67.3
1680184554.0 80.4 72.4
1680184555.0 82.0 73.4
1680184556.0 53.9 69.6
1680184557.0 62.3 67.2
1680184558.0 72.4 71.0
1680184559.0 78.9 63.1
1680184560.0 76.9 69.6
1680184561.0 96.8 68.5
1680184562.0 104.6 70.2
1680184563.0 119.9 72.9
1680184564.0 80.9 68.1
1680184565.0 87.7 70.5
1680184566.0 100.9 69.4
1680184567.0 71.9 66.4
1680184568.0 76.4 66.5
1680184569.0 94.8 67.2
1680184570.0 91.8 64.9
1680184571.0 104.4 70.7
1680184572.0 94.2 68.3
1680184573.0 78.5 70.1
1680184574.0 88.7 64.6
1680184575.0 79.5 71.1
1680184576.0 71.9 68.3
1680184577.0 70.3 70.0
1680184578.0 65.9 65.4
1680184579.0 77.9 67.2
1680184580.0 55.1 131.2
1680184581.0 53.7 70.8
1680184582.0 73.3 67.4
1680184583.0 75.6 70.1
1680184584.0 91.5 68.0
1680184585.0 100.7 68.1
1680184586.0 120.0 66.3
1680184587.0 104.7 69.7
1680184588.0 92.8 67.7
1680184589.0 96.4 71.9
1680184590.0 100.4 67.0
1680184591.0 85.5 69.1
1680184592.0 82.2 65.7
1680184593.0 83.0 69.5
1680184594.0 89.5 70.6
1680184595.0 90.7 67.6
1680184596.0 117.3 65.7
1680184597.0 70.1 67.0
1680184598.0 100.9 68.6
1680184599.0 87.1 71.0
1680184600.0 84.7 67.9
1680184601.0 88.7 69.8
1680184602.0 121.3 68.4
1680184603.0 100.8 63.4
1680184604.0 98.5 73.7
1680184605.0 70.6 65.2
1680184606.0 68.3 67.6
1680184607.0 80.2 70.2
1680184608.0 96.8 71.5
1680184609.0 58.2 70.2
1680184610.0 48.5 71.9
1680184611.0 70.2 71.5
1680184612.0 80.4 68.1
1680184613.0 78.3 70.6
1680184614.0 101.8 70.8
1680184615.0 87.3 64.7
1680184616.0 89.3 64.3
1680184617.0 84.9 68.3
1680184618.0 86.8 65.9
1680184619.0 71.3 69.0
1680184620.0 78.9 70.5
1680184621.0 94.0 70.1
1680184622.0 74.0 67.6
1680184623.0 109.0 67.7
1680184624.0 76.1 69.3
1680184625.0 78.5 65.3
1680184626.0 83.9 66.7
1680184627.0 85.0 68.0
1680184628.0 86.4 73.4
1680184629.0 95.4 69.6
1680184630.0 72.8 68.8
1680184631.0 73.0 67.8
1680184632.0 75.6 69.2
1680184633.0 71.0 67.6
1680184634.0 86.9 67.4
1680184635.0 78.4 65.5
1680184636.0 89.8 64.9
1680184637.0 94.9 68.5
1680184638.0 103.9 66.4
1680184639.0 83.6 64.8
1680184640.0 92.3 66.2
1680184641.0 67.6 72.3
1680184642.0 95.0 67.4
1680184643.0 67.0 66.7
1680184644.0 120.2 68.9
1680184645.0 73.2 70.0
1680184646.0 85.4 70.9
1680184647.0 56.7 65.4
1680184648.0 64.2 80.6
1680184649.0 49.0 147.9
1680184650.0 57.8 139.7
1680184651.0 51.9 109.9
1680184652.0 56.0 112.3
1680184653.0 61.2 120.2
1680184654.0 55.4 115.5
1680184655.0 54.5 84.6
1680184656.0 57.6 124.0
1680184657.0 57.5 76.0
1680184658.0 54.2 70.1
1680184659.0 53.1 68.3
1680184660.0 72.7 69.0
1680184661.0 52.1 68.0
1680184662.0 56.0 66.7
1680184663.0 58.7 69.9
1680184664.0 62.3 65.3
1680184665.0 67.8 83.0
1680184666.0 47.7 109.1
1680184667.0 48.7 95.2
1680184668.0 50.2 99.8
1680184669.0 57.1 111.3
1680184670.0 61.5 81.8
1680184671.0 53.0 137.5
1680184672.0 56.3 94.1
1680184673.0 67.8 121.3
1680184674.0 73.4 104.7
1680184675.0 52.7 94.6
