1680184627.0 1 0 0
1680184628.0 1 0 0
1680184629.0 1 0 0
1680184630.0 1 0 0
1680184631.0 1 0 0
1680184632.0 1 0 0
1680184633.0 1 0 0
1680184634.0 1 0 0
1680184635.0 1 0 0
1680184636.0 1 0 0
1680184637.0 1 0 0
1680184638.0 1 0 0
1680184639.0 1 0 0
1680184640.0 1 0 0
1680184641.0 1 0 0
1680184642.0 1 0 0
1680184643.0 1 0 0
1680184644.0 1 0 0
1680184645.0 1 0 0
1680184646.0 1 0 0
1680184647.0 1 0 0
1680184648.0 1 0 0
1680184649.0 1 0 0
1680184650.0 1 0 0
1680184651.0 1 0 0
1680184652.0 1 0 0
1680184653.0 1 0 0
1680184654.0 1 0 0
1680184655.0 1 0 0
1680184656.0 1 0 0
1680184657.0 1 0 0
1680184658.0 1 0 0
1680184659.0 1 0 0
1680184660.0 1 0 0
1680184661.0 1 0 0
1680184662.0 1 0 0
1680184663.0 1 0 0
1680184664.0 1 0 0
1680184665.0 1 0 0
1680184666.0 1 0 0
1680184667.0 1 0 0
1680184668.0 1 0 0
1680184669.0 1 0 0
1680184670.0 1 0 0
1680184671.0 1 0 0
1680184672.0 1 0 0
1680184673.0 1 0 0
1680184674.0 1 0 0
1680184675.0 1 0 0
1680184676.0 1 0 0
1680184677.0 1 0 0
1680184678.0 1 0 0
1680184679.0 1 0 0
1680184680.0 1 0 0
1680184681.0 1 0 0
1680184682.0 1 0 0
1680184683.0 1 0 0
1680184684.0 1 0 0
1680184685.0 1 0 0
1680184686.0 1 0 0
1680184687.0 1 0 0
1680184688.0 1 0 0
1680184689.0 1 0 0
1680184690.0 1 0 0
1680184691.0 1 0 0
1680184692.0 1 0 0
1680184693.0 1 0 0
1680184694.0 1 0 0
1680184695.0 1 0 0
1680184696.0 1 0 0
1680184697.0 1 0 0
1680184698.0 1 0 0
1680184699.0 1 0 0
1680184700.0 1 0 0
1680184701.0 1 0 0
1680184702.0 1 0 0
1680184703.0 1 0 0
1680184704.0 1 0 0
1680184705.0 1 0 0
1680184706.0 1 0 0
1680184707.0 1 0 0
1680184708.0 1 0 0
1680184709.0 1 0 0
1680184710.0 1 0 0
1680184711.0 1 0 0
1680184712.0 1 0 0
1680184713.0 1 0 0
1680184714.0 1 0 0
1680184715.0 1 0 0
1680184716.0 1 0 0
1680184717.0 1 0 0
1680184718.0 1 0 0
1680184719.0 1 0 0
1680184720.0 1 0 0
1680184721.0 1 0 0
1680184722.0 1 0 0
1680184723.0 1 0 0
1680184724.0 1 0 0
1680184725.0 1 0 0
1680184726.0 1 0 0
1680184727.0 1 0 0
1680184728.0 1 0 0
1680184729.0 1 0 0
1680184730.0 1 0 0
1680184731.0 1 0 0
1680184732.0 1 0 0
1680184733.0 1 0 0
1680184734.0 1 0 0
1680184735.0 1 0 0
1680184736.0 1 0 0
1680184737.0 1 0 0
1680184738.0 1 0 0
1680184739.0 1 0 0
1680184740.0 1 0 0
1680184741.0 1 0 0
1680184742.0 1 0 0
1680184743.0 1 0 0
1680184744.0 1 0 0
1680184745.0 1 0 0
1680184746.0 1 0 0
1680184747.0 1 0 0
1680184748.0 1 0 0
1680184749.0 1 0 0
1680184750.0 1 0 0
1680184751.0 1 0 0
1680184752.0 1 0 0
1680184753.0 1 0 0
1680184754.0 1 0 0
1680184755.0 1 0 0
1680184756.0 1 0 0
1680184757.0 1 0 0
1680184758.0 1 0 0
1680184759.0 1 0 0
1680184760.0 1 0 0
1680184761.0 1 0 0
1680184762.0 1 0 0
1680184763.0 1 0 0
1680184764.0 1 0 0
1680184765.0 1 0 0
1680184766.0 1 0 0
1680184767.0 1 0 0
1680184768.0 1 0 0
1680184769.0 1 0 0
1680184770.0 1 0 0
1680184771.0 1 0 0
1680184772.0 1 0 0
1680184773.0 1 0 0
1680184774.0 1 0 0
1680184775.0 1 0 0
1680184776.0 1 0 0
1680184777.0 1 0 0
1680184778.0 1 0 0
1680184779.0 1 0 0
1680184780.0 1 0 0
1680184781.0 1 0 0
1680184782.0 1 0 0
1680184783.0 1 0 0
1680184784.0 1 0 0
1680184785.0 1 0 0
1680184786.0 1 0 0
1680184787.0 1 0 0
1680184788.0 1 0 0
1680184789.0 1 0 0
1680184790.0 1 0 0
1680184791.0 1 0 0
1680184792.0 1 0 0
1680184793.0 1 0 0
1680184794.0 1 0 0
1680184795.0 1 0 0
1680184796.0 1 0 0
1680184797.0 1 0 0
1680184798.0 1 0 0
1680184799.0 1 0 0
1680184800.0 1 0 0
1680184801.0 1 0 0
1680184802.0 1 0 0
1680184803.0 1 0 0
1680184804.0 1 0 0
1680184805.0 1 0 0
1680184806.0 1 0 0
1680184807.0 1 0 0
1680184808.0 1 0 0
1680184809.0 1 0 0
1680184810.0 1 0 0
1680184811.0 1 0 0
1680184812.0 1 0 0
1680184813.0 1 0 0
1680184814.0 1 0 0
1680184815.0 1 0 0
1680184816.0 1 0 0
1680184817.0 1 0 0
1680184818.0 1 0 0
1680184819.0 1 0 0
1680184820.0 1 0 0
1680184821.0 1 0 0
1680184822.0 1 0 0
1680184823.0 1 0 0
1680184824.0 1 0 0
1680184825.0 1 0 0
1680184826.0 1 0 0
1680184827.0 1 0 0
1680184828.0 1 0 0
1680184829.0 1 0 0
1680184830.0 1 0 0
1680184831.0 1 0 0
1680184832.0 1 0 0
1680184833.0 1 0 0
1680184834.0 1 0 0
1680184835.0 1 0 0
1680184836.0 1 0 0
1680184837.0 1 0 0
1680184838.0 1 0 0
1680184839.0 1 0 0
1680184840.0 1 0 0
1680184841.0 1 0 0
1680184842.0 1 0 0
1680184843.0 1 0 0
1680184844.0 1 0 0
1680184845.0 1 0 0
1680184846.0 1 0 0
1680184847.0 1 0 0
1680184848.0 1 0 0
1680184849.0 1 0 0
1680184850.0 1 0 0
1680184851.0 1 0 0
1680184852.0 1 0 0
1680184853.0 1 0 0
1680184854.0 1 0 0
1680184855.0 1 0 0
1680184856.0 1 0 0
1680184857.0 1 0 0
1680184858.0 1 0 0
1680184859.0 1 0 0
1680184860.0 1 0 0
1680184861.0 1 0 0
1680184862.0 1 0 0
1680184863.0 1 0 0
1680184864.0 1 0 0
1680184865.0 1 0 0
1680184866.0 1 0 0
1680184867.0 1 0 0
1680184868.0 1 0 0
1680184869.0 1 0 0
1680184870.0 1 0 0
1680184871.0 1 0 0
1680184872.0 1 0 0
1680184873.0 1 0 0
1680184874.0 1 0 0
1680184875.0 1 0 0
1680184876.0 1 0 0
1680184877.0 1 0 0
1680184878.0 1 0 0
1680184879.0 1 0 0
1680184880.0 1 0 0
1680184881.0 1 0 0
1680184882.0 1 0 0
1680184883.0 1 0 0
1680184884.0 1 0 0
1680184885.0 1 0 0
1680184886.0 1 0 0
1680184887.0 1 0 0
1680184888.0 1 0 0
1680184889.0 1 0 0
1680184890.0 1 0 0
1680184891.0 1 0 0
1680184892.0 1 0 0
1680184893.0 1 0 0
1680184894.0 1 0 0
1680184895.0 1 0 0
1680184896.0 1 0 0
1680184897.0 1 0 0
1680184898.0 1 0 0
1680184899.0 1 0 0
1680184900.0 1 0 0
1680184901.0 1 0 0
1680184902.0 1 0 0
1680184903.0 1 0 0
1680184904.0 1 0 0
1680184905.0 1 0 0
1680184906.0 1 0 0
1680184907.0 1 0 0
1680184908.0 1 0 0
1680184909.0 1 0 0
1680184910.0 1 0 0
1680184911.0 1 0 0
1680184912.0 1 0 0
1680184913.0 1 0 0
1680184914.0 1 0 0
1680184915.0 1 0 0
1680184916.0 1 0 0
1680184917.0 1 0 0
1680184918.0 1 0 0
1680184919.0 1 0 0
1680184920.0 1 0 0
1680184921.0 1 0 0
1680184922.0 1 0 0
1680184923.0 1 0 0
1680184924.0 1 0 0
1680184925.0 1 0 0
1680184926.0 1 0 0
1680184927.0 1 0 0
1680184928.0 1 0 0
1680184929.0 1 0 0
1680184930.0 1 0 0
1680184931.0 1 0 0
1680184932.0 1 0 0
1680184933.0 1 0 0
1680184934.0 1 0 0
1680184935.0 1 0 0
1680184936.0 1 0 0
1680184937.0 1 0 0
1680184938.0 1 0 0
1680184939.0 1 0 0
1680184940.0 1 0 0
1680184941.0 1 0 0
1680184942.0 1 0 0
1680184943.0 1 0 0
1680184944.0 1 0 0
1680184945.0 1 0 0
1680184946.0 1 0 0
1680184947.0 1 0 0
1680184948.0 1 0 0
1680184949.0 1 0 0
1680184950.0 1 0 0
1680184951.0 1 0 0
1680184952.0 1 0 0
1680184953.0 1 0 0
1680184954.0 1 0 0
1680184955.0 1 0 0
1680184956.0 1 0 0
1680184957.0 1 0 0
1680184958.0 1 0 0
1680184959.0 1 0 0
1680184960.0 1 0 0
1680184961.0 1 0 0
1680184962.0 1 0 0
1680184963.0 1 0 0
1680184964.0 1 0 0
1680184965.0 1 0 0
1680184966.0 1 0 0
1680184967.0 1 0 0
1680184968.0 1 0 0
1680184969.0 1 0 0
1680184970.0 1 0 0
1680184971.0 1 0 0
1680184972.0 1 0 0
1680184973.0 1 0 0
1680184974.0 1 0 0
1680184975.0 1 0 0
1680184976.0 1 0 0
1680184977.0 1 0 0
1680184978.0 1 0 0
1680184979.0 1 0 0
1680184980.0 1 0 0
1680184981.0 1 0 0
1680184982.0 1 0 0
1680184983.0 1 0 0
1680184984.0 1 0 0
1680184985.0 1 0 0
1680184986.0 1 0 0
1680184987.0 1 0 0
1680184988.0 1 0 0
1680184989.0 1 0 0
1680184990.0 1 0 0
1680184991.0 1 0 0
1680184992.0 1 0 0
1680184993.0 1 0 0
1680184994.0 1 0 0
1680184995.0 1 0 0
1680184996.0 1 0 0
1680184997.0 1 0 0
1680184998.0 1 0 0
1680184999.0 1 0 0
1680185000.0 1 0 0
1680185001.0 1 0 0
1680185002.0 1 0 0
1680185003.0 1 0 0
1680185004.0 1 0 0
1680185005.0 1 0 0
1680185006.0 1 0 0
1680185007.0 1 0 0
1680185008.0 1 0 0
1680185009.0 1 0 0
1680185010.0 1 0 0
1680185011.0 1 0 0
1680185012.0 1 0 0
1680185013.0 1 0 0
1680185014.0 1 0 0
1680185015.0 1 0 0
1680185016.0 1 0 0
1680185017.0 1 0 0
1680185018.0 1 0 0
1680185019.0 1 0 0
1680185020.0 1 0 0
1680185021.0 1 0 0
1680185022.0 1 0 0
1680185023.0 1 0 0
1680185024.0 1 0 0
1680185025.0 1 0 0
1680185026.0 1 0 0
1680185027.0 1 0 0
1680185028.0 1 0 0
1680185029.0 1 0 0
1680185030.0 1 0 0
1680185031.0 1 0 0
1680185032.0 1 0 0
1680185033.0 1 0 0
1680185034.0 1 0 0
1680185035.0 1 0 0
1680185036.0 1 0 0
1680185037.0 1 0 0
1680185038.0 1 0 0
1680185039.0 1 0 0
1680185040.0 1 0 0
1680185041.0 1 0 0
1680185042.0 1 0 0
1680185043.0 1 0 0
1680185044.0 1 0 0
1680185045.0 1 0 0
1680185046.0 1 0 0
1680185047.0 1 0 0
1680185048.0 1 0 0
1680185049.0 1 0 0
1680185050.0 1 0 0
1680185051.0 1 0 0
1680185052.0 1 0 0
1680185053.0 1 0 0
1680185054.0 1 0 0
1680185055.0 1 0 0
1680185056.0 1 0 0
1680185057.0 1 0 0
1680185058.0 1 0 0
1680185059.0 1 0 0
1680185060.0 1 0 0
1680185061.0 1 0 0
1680185062.0 1 0 0
1680185063.0 1 0 0
1680185064.0 1 0 0
1680185065.0 1 0 0
1680185066.0 1 0 0
1680185067.0 1 0 0
1680185068.0 1 0 0
1680185069.0 1 0 0
1680185070.0 1 0 0
1680185071.0 1 0 0
1680185072.0 1 0 0
1680185073.0 1 0 0
1680185074.0 1 0 0
1680185075.0 1 0 0
1680185076.0 1 0 0
1680185077.0 1 0 0
1680185078.0 1 0 0
1680185079.0 1 0 0
1680185080.0 1 0 0
1680185081.0 1 0 0
1680185082.0 1 0 0
1680185083.0 1 0 0
1680185084.0 1 0 0
1680185085.0 1 0 0
1680185086.0 1 0 0
1680185087.0 1 0 0
1680185088.0 1 0 0
1680185089.0 1 0 0
1680185090.0 1 0 0
1680185091.0 1 0 0
1680185092.0 1 0 0
1680185093.0 1 0 0
1680185094.0 1 0 0
1680185095.0 1 0 0
1680185096.0 1 0 0
1680185097.0 1 0 0
1680185098.0 1 0 0
1680185099.0 1 0 0
1680185100.0 1 0 0
1680185101.0 1 0 0
1680185102.0 1 0 0
1680185103.0 1 0 0
1680185104.0 1 0 0
1680185105.0 1 0 0
1680185106.0 1 0 0
1680185107.0 1 0 0
1680185108.0 1 0 0
1680185109.0 1 0 0
1680185110.0 1 0 0
1680185111.0 1 0 0
1680185112.0 1 0 0
1680185113.0 1 0 0
1680185114.0 1 0 0
1680185115.0 1 0 0
1680185116.0 1 0 0
1680185117.0 1 0 0
1680185118.0 1 0 0
1680185119.0 1 0 0
1680185120.0 1 0 0
1680185121.0 1 0 0
1680185122.0 1 0 0
1680185123.0 1 0 0
1680185124.0 1 0 0
1680185125.0 1 0 0
1680185126.0 1 0 0
1680185127.0 1 0 0
1680185128.0 1 0 0
1680185129.0 1 0 0
1680185130.0 1 0 0
1680185131.0 1 0 0
1680185132.0 1 0 0
1680185133.0 1 0 0
1680185134.0 1 0 0
1680185135.0 1 0 0
1680185136.0 1 0 0
1680185137.0 1 0 0
1680185138.0 1 0 0
1680185139.0 1 0 0
1680185140.0 1 0 0
1680185141.0 1 0 0
1680185142.0 1 0 0
1680185143.0 1 0 0
1680185144.0 1 0 0
1680185145.0 1 0 0
1680185146.0 1 0 0
1680185147.0 1 0 0
1680185148.0 1 0 0
1680185149.0 1 0 0
1680185150.0 1 0 0
1680185151.0 1 0 0
1680185152.0 1 0 0
1680185153.0 1 0 0
1680185154.0 1 0 0
1680185155.0 1 0 0
1680185156.0 1 0 0
1680185157.0 1 0 0
1680185158.0 1 0 0
1680185159.0 1 0 0
1680185160.0 1 0 0
1680185161.0 1 0 0
1680185162.0 1 0 0
1680185163.0 1 0 0
1680185164.0 1 0 0
1680185165.0 1 0 0
1680185166.0 1 0 0
1680185167.0 1 0 0
1680185168.0 1 0 0
1680185169.0 1 0 0
1680185170.0 1 0 0
1680185171.0 1 0 0
1680185172.0 1 0 0
1680185173.0 1 0 0
1680185174.0 1 0 0
1680185175.0 1 0 0
1680185176.0 1 0 0
1680185177.0 1 0 0
1680185178.0 1 0 0
1680185179.0 1 0 0
1680185180.0 1 0 0
1680185181.0 1 0 0
1680185182.0 1 0 0
1680185183.0 1 0 0
1680185184.0 1 0 0
1680185185.0 1 0 0
1680185186.0 1 0 0
1680185187.0 1 0 0
1680185188.0 1 0 0
1680185189.0 1 0 0
1680185190.0 1 0 0
1680185191.0 1 0 0
1680185192.0 1 0 0
1680185193.0 1 0 0
1680185194.0 1 0 0
1680185195.0 1 0 0
1680185196.0 1 0 0
1680185197.0 1 0 0
1680185198.0 1 0 0
1680185199.0 1 0 0
1680185200.0 1 0 0
1680185201.0 1 0 0
1680185202.0 1 0 0
1680185203.0 1 0 0
1680185204.0 1 0 0
1680185205.0 1 0 0
1680185206.0 1 0 0
1680185207.0 1 0 0
1680185208.0 1 0 0
1680185209.0 1 0 0
1680185210.0 1 0 0
1680185211.0 1 0 0
1680185212.0 1 0 0
1680185213.0 1 0 0
1680185214.0 1 0 0
1680185215.0 1 0 0
1680185216.0 1 0 0
1680185217.0 1 0 0
1680185218.0 1 0 0
1680185219.0 1 0 0
1680185220.0 1 0 0
1680185221.0 1 0 0
1680185222.0 1 0 0
1680185223.0 1 0 0
1680185224.0 1 0 0
1680185225.0 1 0 0
1680185226.0 1 0 0
